0.5718343195266272
0.6345562130177514
0.562603550295858
0.6177514792899408
0.5718343195266272
0.5756213017751479
0.5694674556213017
0.5794082840236686
0.5694674556213017
0.5668639053254438
0.5708875739644971
0.5727810650887574
0.5900591715976331
0.5758579881656805
0.5777514792899409
0.5708875739644971
0.5848520710059172
0.5723076923076923
0.5680473372781065
0.5654437869822485
0.6113609467455622
0.6492307692307693
0.6676923076923077
0.6873372781065089
0.711715976331361
0.7235502958579881
0.7152662721893491
0.7017751479289941
0.6937278106508876
0.6953846153846154
0.6913609467455621
0.6885207100591716
0.685680473372781
0.6833136094674557
0.6823668639053254
0.6643786982248521
0.6568047337278107
0.6627218934911243
0.6629585798816569
0.6589349112426035
0.6617751479289941
0.6660355029585798
0.6655621301775148
0.6733727810650888
0.6705325443786982
0.6726627218934911
0.6868639053254438
0.682603550295858
0.6842603550295858
0.6863905325443787
0.6866272189349112
0.6859171597633136
0.6795266272189349
0.6795266272189349
0.68
0.6710059171597633
0.6705325443786982
0.6631952662721894
0.6605917159763314
0.661301775147929
0.65301775147929
0.6497041420118344
0.6542011834319527
0.6568047337278107
0.6532544378698225
0.6506508875739645
0.6537278106508876
0.6404733727810651
0.6461538461538462
0.6440236686390532
0.6468639053254438
0.6471005917159763
0.6513609467455621
0.6537278106508876
0.6492307692307693
0.6378698224852071
0.634792899408284
0.6352662721893491
0.6307692307692307
0.6286390532544379
0.626508875739645
0.6305325443786982
0.6288757396449705
0.6286390532544379
0.6284023668639053
0.6286390532544379
0.6333727810650888
0.6281656804733727
0.6317159763313609
0.6305325443786982
0.6350295857988165
0.6298224852071006
0.6312426035502958
0.6371597633136095
0.6433136094674556
0.6414201183431952
0.6449704142011834
0.6556213017751479
0.6617751479289941
0.6560946745562131
0.6542011834319527
0.6523076923076923
0.65301775147929
0.6513609467455621
0.6473372781065089
0.6430769230769231
0.6492307692307693
0.6480473372781065
0.6385798816568047
0.6352662721893491
0.6383431952662721
0.6418934911242603
0.6395266272189349
0.6366863905325444
0.6302958579881657
0.6338461538461538
0.6314792899408284
0.6321893491124261
0.6319526627218935
0.6319526627218935
0.6324260355029586
0.6319526627218935
0.6331360946745562
0.6433136094674556
0.6440236686390532
0.6452071005917159
0.6463905325443787
0.6501775147928994
0.6544378698224852
0.6523076923076923
0.6473372781065089
0.6435502958579882
0.6459171597633137
0.6461538461538462
0.6442603550295858
0.6376331360946745
0.6257988165680474
0.6276923076923077
0.6255621301775148
0.6274556213017751
0.6260355029585799
0.6262721893491124
0.6257988165680474
0.6248520710059171
0.6253254437869823
0.6302958579881657
0.6324260355029586
0.6333727810650888
0.6314792899408284
