0.5017751479289941
0.49301775147928995
0.5476923076923077
0.5739644970414202
0.5985798816568048
0.5902958579881656
0.5794082840236686
0.6030769230769231
0.6676923076923077
0.7074556213017752
0.7126627218934911
0.6979881656804734
0.7031952662721893
0.7088757396449704
0.7001183431952662
0.6873372781065089
0.6785798816568047
0.6863905325443787
0.6759763313609467
0.666508875739645
0.6809467455621302
0.6923076923076923
0.7003550295857989
0.698698224852071
0.6932544378698224
0.6932544378698224
0.7084023668639053
0.7110059171597634
0.709112426035503
0.7162130177514793
0.7136094674556213
0.6757396449704142
0.6759763313609467
0.6776331360946746
0.6783431952662722
0.6776331360946746
0.685680473372781
0.6809467455621302
0.6911242603550296
0.685207100591716
0.685680473372781
0.6821301775147929
0.6783431952662722
0.6842603550295858
0.6785798816568047
0.6762130177514792
0.6771597633136095
0.683076923076923
0.6835502958579882
0.6970414201183432
0.7162130177514793
0.7287573964497042
0.7510059171597633
0.749112426035503
0.7649704142011834
0.7697041420118343
0.7746745562130177
0.7782248520710059
0.7843786982248521
0.783905325443787
0.7902958579881657
0.7879289940828402
0.7931360946745563
0.8044970414201184
0.8071005917159764
0.8061538461538461
0.7985798816568047
0.8044970414201184
0.7978698224852071
0.8106508875739645
0.8234319526627218
0.8497041420118343
0.8700591715976331
0.8778698224852071
0.882130177514793
0.882603550295858
0.8840236686390532
0.8861538461538462
0.8828402366863906
0.8844970414201183
0.888284023668639
0.8849704142011834
0.8783431952662721
0.8750295857988166
0.8764497041420118
0.8762130177514793
0.8762130177514793
0.8788165680473373
0.8771597633136095
0.8731360946745562
0.8750295857988166
0.8745562130177514
0.8733727810650888
0.8740828402366864
0.8733727810650888
0.8719526627218935
0.8698224852071006
0.8728994082840237
0.8743195266272189
0.8726627218934911
0.8752662721893492
0.8752662721893492
0.8714792899408283
0.8736094674556213
0.8757396449704142
0.8776331360946745
0.8783431952662721
0.8778698224852071
0.8809467455621302
0.8811834319526627
0.8771597633136095
0.8743195266272189
0.8733727810650888
0.8764497041420118
0.8764497041420118
0.8762130177514793
0.8755029585798817
0.8781065088757396
0.8724260355029586
0.8757396449704142
0.8809467455621302
0.8849704142011834
0.8873372781065089
0.893491124260355
0.8975147928994083
0.9001183431952663
0.9034319526627219
0.9091124260355029
0.9095857988165681
0.9107692307692308
0.9086390532544378
0.9093491124260356
0.9117159763313609
0.9117159763313609
0.9117159763313609
0.9133727810650888
0.9166863905325444
0.9138461538461539
0.9110059171597633
0.9152662721893491
0.9157396449704142
0.9145562130177515
0.9128994082840237
0.9150295857988165
0.9162130177514793
0.9157396449704142
0.9254437869822485
0.9294674556213017
0.9379881656804734