0.5263905325443787
0.5211834319526627
0.5905325443786982
0.6267455621301775
0.6542011834319527
0.5995266272189349
0.6018934911242604
0.642603550295858
0.6885207100591716
0.7398816568047337
0.7434319526627219
0.743905325443787
0.738698224852071
0.7315976331360947
0.7254437869822485
0.7102958579881656
0.7046153846153846
0.7088757396449704
0.6977514792899409
0.6925443786982248
0.7053254437869823
0.7162130177514793
0.7211834319526628
0.722603550295858
0.7214201183431953
0.725207100591716
0.7315976331360947
0.7327810650887574
0.7389349112426036
0.735621301775148
0.736094674556213
0.7133727810650887
0.7126627218934911
0.7209467455621302
0.7261538461538461
0.7318343195266273
0.7325443786982249
0.733491124260355
0.7424852071005917
0.7431952662721893
0.7394082840236686
0.7370414201183432
0.7368047337278106
0.7415384615384616
0.7342011834319526
0.7370414201183432
0.7457988165680474
0.7467455621301775
0.7481656804733727
0.7689940828402367
0.773491124260355
0.7715976331360946
0.7775147928994083
0.7777514792899408
0.7895857988165681
0.7905325443786982
0.796923076923077
0.7997633136094675
0.8089940828402367
0.8087573964497041
0.8113609467455621
0.8172781065088758
0.8184615384615385
0.8144378698224852
0.8151479289940828
0.8182248520710059
0.8111242603550296
0.8120710059171597
0.8137278106508876
0.8253254437869822
0.8376331360946746
0.8634319526627219
0.8807100591715976
0.8866272189349113
0.8953846153846153
0.8911242603550296
0.895621301775148
0.8963313609467456
0.8960946745562131
0.895621301775148
0.8963313609467456
0.8984615384615384
0.9027218934911243
0.8944378698224852
0.8970414201183432
0.8953846153846153
0.8949112426035503
0.8953846153846153
0.8944378698224852
0.8944378698224852
0.8932544378698225
0.8899408284023669
0.8915976331360946
0.8889940828402367
0.890887573964497
0.8918343195266272
0.8927810650887574
0.89301775147929
0.8951479289940828
0.8885207100591715
0.8840236686390532
0.8804733727810651
0.8792899408284024
0.8776331360946745
0.8733727810650888
0.8693491124260355
0.8745562130177514
0.8792899408284024
0.88
0.8807100591715976
0.882603550295858
0.8807100591715976
0.8790532544378699
0.8807100591715976
0.8823668639053255
0.8875739644970414
0.888284023668639
0.8804733727810651
0.88
0.882130177514793
0.8906508875739645
0.8996449704142012
0.9015384615384615
0.9055621301775147
0.9053254437869822
0.9093491124260356
0.9088757396449704
0.9178698224852071
0.9216568047337278
0.9266272189349113
0.9285207100591716
0.9301775147928995
0.9330177514792899
0.936094674556213
0.9389349112426035
0.9384615384615385
0.9384615384615385
0.9368047337278107
0.936568047337278
0.936094674556213
0.9382248520710059
0.9396449704142011
0.9389349112426035
0.9382248520710059
0.9389349112426035
0.9417751479289941
0.9457988165680473
0.9505325443786983
0.9519526627218935
