0.9576331360946746
0.9905325443786982
0.9988165680473373
0.9990532544378699
0.9995266272189349
0.9992899408284024
0.9992899408284024
0.9997633136094675
0.9995266272189349
0.9995266272189349
0.9992899408284024
0.9995266272189349
0.9997633136094675
0.9997633136094675
0.9997633136094675
0.9997633136094675
0.9997633136094675
0.9997633136094675
0.9997633136094675
0.9995266272189349
0.9985798816568048
0.9936094674556213
0.9914792899408285
0.9884023668639054
0.9855621301775148
0.984378698224852
0.9857988165680474
0.9874556213017751
0.9881656804733728
0.9886390532544379
0.9900591715976331
0.9912426035502958
0.9938461538461538
0.9943195266272189
0.994792899408284
0.9943195266272189
0.9936094674556213
0.9943195266272189
0.9931360946745562
0.9905325443786982
0.9910059171597633
0.9912426035502958
0.9907692307692307
0.9900591715976331
0.9881656804733728
0.9872189349112426
0.9857988165680474
0.983905325443787
0.9841420118343195
0.9848520710059172
0.9862721893491124
0.9860355029585799
0.9872189349112426
0.9879289940828402
0.9898224852071006
0.9905325443786982
0.9905325443786982
0.991715976331361
0.9914792899408285
0.989585798816568
0.9888757396449704
0.9888757396449704
0.989585798816568
0.9910059171597633
0.9912426035502958
0.9921893491124261
0.9931360946745562
0.9943195266272189
0.9943195266272189
0.9957396449704142
0.9964497041420118
0.9969230769230769
0.9969230769230769
0.9969230769230769
0.997396449704142
0.9962130177514793
0.9962130177514793
0.9955029585798817
0.9957396449704142
0.9964497041420118
0.9959763313609468
0.9964497041420118
0.9969230769230769
0.9971597633136094
0.9971597633136094
0.997396449704142
0.9976331360946745
0.9978698224852071
0.997396449704142
0.9976331360946745
0.9976331360946745
0.9969230769230769
0.9969230769230769
0.9964497041420118
0.9959763313609468
0.9957396449704142
0.9945562130177514
0.9938461538461538
0.9933727810650888
0.9943195266272189
0.9938461538461538
0.9940828402366864
0.9943195266272189
0.994792899408284
0.9945562130177514
0.994792899408284
0.9940828402366864
0.9952662721893492
0.9966863905325444
0.9962130177514793
0.997396449704142
0.997396449704142
0.9978698224852071
0.9959763313609468
0.9964497041420118
0.9966863905325444
0.9962130177514793
0.9959763313609468
0.9966863905325444
0.9971597633136094
0.9976331360946745
0.9978698224852071
0.9981065088757396
0.9976331360946745
0.9969230769230769
0.9969230769230769
0.9969230769230769
0.9971597633136094
0.997396449704142
0.9971597633136094
0.9976331360946745
0.997396449704142
0.9981065088757396
0.9981065088757396
0.9985798816568048
0.9981065088757396
0.9978698224852071
0.9978698224852071
0.9981065088757396
0.9981065088757396
0.9981065088757396
0.9983431952662722
0.9983431952662722
0.9983431952662722
0.9983431952662722
0.9983431952662722
0.9988165680473373
0.9990532544378699
0.9992899408284024
0.9988165680473373
