0.7623668639053255
0.7531360946745562
0.7827218934911243
0.8392899408284024
0.8390532544378698
0.8468639053254438
0.850887573964497
0.8636686390532544
0.842603550295858
0.8423668639053254
0.8485207100591716
0.8449704142011835
0.8435502958579881
0.8305325443786983
0.845207100591716
0.8381065088757397
0.8454437869822485
0.832189349112426
0.8527810650887574
0.8381065088757397
0.8300591715976331
0.8175147928994083
0.8153846153846154
0.8168047337278107
0.8071005917159764
0.8047337278106509
0.8087573964497041
0.8125443786982248
0.8099408284023669
0.8044970414201184
0.808284023668639
0.8101775147928995
0.8106508875739645
0.8097041420118343
0.8127810650887574
0.8151479289940828
0.8146745562130178
0.8153846153846154
0.8094674556213017
0.8092307692307692
0.8018934911242603
0.7992899408284023
0.7981065088757396
0.797396449704142
0.7940828402366864
0.7862721893491125
0.7820118343195266
0.7815384615384615
0.7789349112426035
0.7843786982248521
0.7900591715976332
0.7955029585798816
0.8007100591715977
0.8028402366863905
0.808284023668639
0.8111242603550296
0.8203550295857989
0.8224852071005917
0.8236686390532545
0.8255621301775148
0.8293491124260355
0.8383431952662722
0.84
0.8430769230769231
0.8456804733727811
0.8497041420118343
0.8546745562130178
0.8532544378698225
0.8544378698224852
0.8575147928994082
0.8575147928994082
0.8603550295857988
0.8622485207100592
0.864378698224852
0.8660355029585799
0.8672189349112426
0.8714792899408283
0.8702958579881657
0.8738461538461538
0.8766863905325444
0.8776331360946745
0.8778698224852071
0.8790532544378699
0.8818934911242604
0.8764497041420118
0.8766863905325444
0.8755029585798817
0.8757396449704142
0.877396449704142
0.8736094674556213
0.8745562130177514
0.8743195266272189
0.8738461538461538
0.8721893491124261
0.869112426035503
0.8655621301775148
0.8681656804733728
0.8650887573964497
0.863905325443787
0.8650887573964497
0.8662721893491124
0.8681656804733728
0.8710059171597633
0.8712426035502958
0.8724260355029586
0.874792899408284
0.8755029585798817
0.8757396449704142
0.8764497041420118
0.8759763313609468
0.8781065088757396
0.8778698224852071
0.8778698224852071
0.8776331360946745
0.8769230769230769
0.877396449704142
0.8785798816568048
0.8781065088757396
0.8792899408284024
0.8802366863905325
0.8823668639053255
0.8847337278106508
0.8866272189349113
0.8833136094674556
0.8840236686390532
0.8837869822485207
0.8861538461538462
0.8889940828402367
0.8906508875739645
0.8911242603550296
0.8946745562130177
0.8965680473372781
0.8989349112426035
0.9010650887573964
0.903905325443787
0.9041420118343195
0.9088757396449704
0.9091124260355029
0.906508875739645
0.9060355029585799
0.9074556213017752
0.9079289940828402
0.9084023668639053
0.9084023668639053
0.9088757396449704
0.9107692307692308
0.9119526627218935
0.914792899408284
0.914792899408284
0.9164497041420119
