0.549585798816568
0.5479289940828402
0.6454437869822485
0.6790532544378698
0.7060355029585799
0.6972781065088758
0.6994082840236686
0.7457988165680474
0.8023668639053254
0.8205917159763314
0.8307692307692308
0.8300591715976331
0.8253254437869822
0.8373964497041421
0.8293491124260355
0.834792899408284
0.8250887573964497
0.821301775147929
0.8198816568047337
0.8139644970414202
0.8253254437869822
0.8336094674556213
0.8371597633136094
0.8392899408284024
0.8390532544378698
0.8442603550295859
0.8485207100591716
0.8485207100591716
0.8565680473372781
0.8605917159763313
0.8627218934911243
0.8530177514792899
0.8542011834319526
0.8430769230769231
0.8381065088757397
0.8397633136094674
0.8423668639053254
0.8480473372781065
0.8501775147928994
0.8506508875739645
0.8511242603550296
0.8482840236686391
0.8485207100591716
0.8444970414201184
0.8414201183431953
0.845207100591716
0.8485207100591716
0.8504142011834319
0.8551479289940829
0.8631952662721893
0.8740828402366864
0.8797633136094675
0.8923076923076924
0.8982248520710059
0.9020118343195266
0.9022485207100591
0.8998816568047338
0.9003550295857988
0.9005917159763314
0.9001183431952663
0.9020118343195266
0.9022485207100591
0.9048520710059171
0.9088757396449704
0.9112426035502958
0.9110059171597633
0.9119526627218935
0.9091124260355029
0.9057988165680473
0.912189349112426
0.9249704142011834
0.9405917159763314
0.9481656804733728
0.9498224852071006
0.9531360946745562
0.9533727810650887
0.9555029585798817
0.954319526627219
0.9540828402366864
0.952189349112426
0.9524260355029586
0.952189349112426
0.9467455621301775
0.9460355029585799
0.9502958579881656
0.9502958579881656
0.9493491124260355
0.9481656804733728
0.9493491124260355
0.9479289940828403
0.9488757396449704
0.9465088757396449
0.9465088757396449
0.9467455621301775
0.9467455621301775
0.9443786982248521
0.9455621301775148
0.9500591715976331
0.9505325443786983
0.9469822485207101
0.9514792899408284
0.9528994082840236
0.9536094674556213
0.9545562130177515
0.9533727810650887
0.954792899408284
0.9590532544378698
0.9581065088757397
0.9581065088757397
0.9566863905325443
0.9571597633136094
0.9569230769230769
0.9552662721893491
0.9559763313609467
0.9569230769230769
0.9590532544378698
0.9562130177514793
0.9555029585798817
0.954319526627219
0.9536094674556213
0.9540828402366864
0.9564497041420118
0.9578698224852071
0.9607100591715977
0.9614201183431953
0.9609467455621302
0.9588165680473373
0.9602366863905325
0.9595266272189349
0.9595266272189349
0.9578698224852071
0.9588165680473373
0.9578698224852071
0.9559763313609467
0.9540828402366864
0.9550295857988166
0.9569230769230769
0.9581065088757397
0.9557396449704142
0.9555029585798817
0.9562130177514793
0.9557396449704142
0.9564497041420118
0.9562130177514793
0.9573964497041421
0.96
0.9616568047337278
0.9628402366863905
0.9642603550295858
0.9666272189349112
