0.6942011834319527
0.6560946745562131
0.6859171597633136
0.7855621301775148
0.796923076923077
0.7983431952662722
0.7985798816568047
0.8331360946745562
0.8075739644970414
0.7945562130177515
0.8075739644970414
0.8099408284023669
0.8149112426035503
0.7850887573964497
0.8094674556213017
0.7912426035502959
0.8170414201183432
0.7931360946745563
0.8068639053254438
0.8037869822485207
0.7983431952662722
0.7824852071005917
0.7758579881656805
0.7727810650887574
0.762603550295858
0.7633136094674556
0.7680473372781065
0.7727810650887574
0.7739644970414201
0.7689940828402367
0.7706508875739645
0.7727810650887574
0.7687573964497041
0.7687573964497041
0.7742011834319527
0.7760946745562131
0.7798816568047338
0.7718343195266272
0.7680473372781065
0.7687573964497041
0.773491124260355
0.7633136094674556
0.7576331360946745
0.7578698224852071
0.762603550295858
0.7502958579881657
0.7396449704142012
0.7342011834319526
0.7450887573964498
0.751715976331361
0.7519526627218935
0.7569230769230769
0.7666272189349113
0.778698224852071
0.7739644970414201
0.7753846153846153
0.7824852071005917
0.8044970414201184
0.7938461538461539
0.7886390532544378
0.7936094674556213
0.8241420118343196
0.8279289940828403
0.8139644970414202
0.8139644970414202
0.8246153846153846
0.8459171597633136
0.8231952662721893
0.8248520710059172
0.8352662721893491
0.8461538461538461
0.8421301775147929
0.8388165680473373
0.84
0.8480473372781065
0.8520710059171598
0.8501775147928994
0.8506508875739645
0.8537278106508875
0.8650887573964497
0.8549112426035503
0.8594082840236686
0.8601183431952663
0.8714792899408283
0.8636686390532544
0.8598816568047337
0.8589349112426036
0.8608284023668639
0.8636686390532544
0.8563313609467456
0.8565680473372781
0.8532544378698225
0.861301775147929
0.8487573964497042
0.8497041420118343
0.8456804733727811
0.8539644970414201
0.8482840236686391
0.8423668639053254
0.8449704142011835
0.8546745562130178
0.8570414201183432
0.850887573964497
0.8518343195266272
0.8542011834319526
0.863905325443787
0.8558579881656805
0.855621301775148
0.8584615384615385
0.8660355029585799
0.8615384615384616
0.861301775147929
0.8598816568047337
0.8650887573964497
0.8636686390532544
0.8572781065088757
0.856094674556213
0.8572781065088757
0.8679289940828402
0.8617751479289941
0.8646153846153846
0.8679289940828402
0.8710059171597633
0.8646153846153846
0.8648520710059172
0.8631952662721893
0.8662721893491124
0.869112426035503
0.8738461538461538
0.8743195266272189
0.8783431952662721
0.8785798816568048
0.8809467455621302
0.8835502958579882
0.8861538461538462
0.8871005917159763
0.890414201183432
0.8918343195266272
0.8918343195266272
0.8913609467455621
0.8915976331360946
0.8923076923076924
0.8915976331360946
0.8915976331360946
0.8894674556213018
0.890887573964497
0.8923076923076924
0.8953846153846153
0.8970414201183432
0.8984615384615384
