0.49254437869822487
0.4972781065088757
0.5114792899408284
0.49467455621301776
0.5076923076923077
0.5067455621301775
0.4956213017751479
0.5157396449704142
0.5197633136094675
0.5375147928994083
0.5285207100591716
0.5197633136094675
0.5337278106508876
0.5420118343195266
0.5455621301775148
0.5323076923076923
0.5188165680473372
0.530414201183432
0.5363313609467456
0.5223668639053255
0.5299408284023669
0.5368047337278107
0.5398816568047338
0.5242603550295858
0.5252071005917159
0.5259171597633137
0.5394082840236687
0.5370414201183432
0.5263905325443787
0.5301775147928994
0.5420118343195266
0.5114792899408284
0.5185798816568047
0.5181065088757396
0.5060355029585799
0.5062721893491124
0.5046153846153846
0.5098224852071006
0.5027218934911243
0.504378698224852
0.5008284023668639
0.5031952662721894
0.4982248520710059
0.5010650887573964
0.5041420118343195
0.5159763313609468
0.5162130177514793
0.5121893491124261
0.5145562130177515
0.5057988165680474
0.5261538461538462
0.5247337278106509
0.5233136094674556
0.5192899408284024
0.5275739644970414
0.5363313609467456
0.543905325443787
0.5342011834319527
0.5306508875739645
0.5398816568047338
0.5528994082840236
0.5443786982248521
0.5363313609467456
0.5403550295857988
0.5533727810650888
0.5725443786982248
0.5469822485207101
0.5323076923076923
0.5396449704142012
0.5663905325443787
0.5621301775147929
0.5552662721893491
0.5846153846153846
0.6194082840236687
0.6279289940828402
0.6061538461538462
0.6071005917159763
0.6236686390532544
0.6364497041420119
0.623905325443787
0.6021301775147929
0.6286390532544379
0.6321893491124261
0.6196449704142012
0.594319526627219
0.592189349112426
0.6146745562130177
0.6179881656804733
0.594319526627219
0.578698224852071
0.6037869822485207
0.6106508875739645
0.5924260355029586
0.5820118343195266
0.605207100591716
0.6184615384615385
0.6061538461538462
0.5872189349112426
0.5926627218934911
0.6085207100591716
0.6082840236686391
0.5992899408284024
0.5798816568047337
0.6009467455621301
0.6175147928994082
0.5997633136094674
0.5796449704142012
0.6035502958579881
0.6248520710059171
0.6208284023668639
0.5936094674556213
0.6033136094674556
0.6123076923076923
0.6142011834319526
0.5952662721893491
0.5850887573964497
0.6021301775147929
0.615621301775148
0.6028402366863905
0.5834319526627219
0.6132544378698225
0.6471005917159763
0.6494674556213018
0.6435502958579882
0.6494674556213018
0.6603550295857988
0.6790532544378698
0.6809467455621302
0.7053254437869823
0.7183431952662722
0.7436686390532544
0.7441420118343195
0.7592899408284024
0.7637869822485207
0.7723076923076924
0.7706508875739645
0.7602366863905325
0.7590532544378699
0.7671005917159763
0.7652071005917159
0.7557396449704142
0.7467455621301775
0.7512426035502958
0.7618934911242603
0.74698224852071
0.7375147928994082
0.7715976331360946
0.7978698224852071
0.8049704142011834
0.8196449704142011
