0.8120710059171597
0.8004733727810651
0.840473372781065
0.9185798816568047
0.9263905325443788
0.9337278106508876
0.9280473372781065
0.9500591715976331
0.9408284023668639
0.9207100591715977
0.9375147928994083
0.9353846153846154
0.9339644970414201
0.9119526627218935
0.9401183431952663
0.9117159763313609
0.9332544378698225
0.9119526627218935
0.9370414201183432
0.9223668639053254
0.9091124260355029
0.8906508875739645
0.8994082840236687
0.9010650887573964
0.8795266272189349
0.8790532544378699
0.8982248520710059
0.9081656804733728
0.901775147928994
0.8913609467455621
0.901775147928994
0.9114792899408284
0.9133727810650888
0.903905325443787
0.9124260355029585
0.9188165680473372
0.9176331360946746
0.9133727810650888
0.9060355029585799
0.9128994082840237
0.9074556213017752
0.9043786982248521
0.8979881656804733
0.8989349112426035
0.8960946745562131
0.8868639053254438
0.8750295857988166
0.8807100591715976
0.8797633136094675
0.8823668639053255
0.8918343195266272
0.9029585798816568
0.9150295857988165
0.9185798816568047
0.9247337278106509
0.9315976331360947
0.9344378698224852
0.9382248520710059
0.9370414201183432
0.9457988165680473
0.9453254437869822
0.9524260355029586
0.9559763313609467
0.9555029585798817
0.9675739644970415
0.9621301775147929
0.9723076923076923
0.9611834319526628
0.9711242603550296
0.9666272189349112
0.9723076923076923
0.9737278106508875
0.9749112426035503
0.9742011834319526
0.9777514792899409
0.9791715976331361
0.9775147928994082
0.9820118343195267
0.9803550295857988
0.9848520710059172
0.9820118343195267
0.9860355029585799
0.9836686390532544
0.9884023668639054
0.983905325443787
0.9867455621301775
0.9822485207100592
0.9874556213017751
0.9898224852071006
0.983905325443787
0.98698224852071
0.9853254437869823
0.98698224852071
0.9834319526627219
0.9855621301775148
0.9820118343195267
0.9862721893491124
0.9836686390532544
0.9808284023668639
0.9820118343195267
0.986508875739645
0.9886390532544379
0.9860355029585799
0.9860355029585799
0.9886390532544379
0.9921893491124261
0.9893491124260355
0.989585798816568
0.9888757396449704
0.9924260355029586
0.9905325443786982
0.9888757396449704
0.9898224852071006
0.991715976331361
0.991715976331361
0.989112426035503
0.9910059171597633
0.9893491124260355
0.9928994082840237
0.9900591715976331
0.9924260355029586
0.9914792899408285
0.9919526627218935
0.9898224852071006
0.9905325443786982
0.9893491124260355
0.9900591715976331
0.9910059171597633
0.9921893491124261
0.9919526627218935
0.9931360946745562
0.9933727810650888
0.9943195266272189
0.994792899408284
0.9957396449704142
0.9955029585798817
0.9957396449704142
0.9955029585798817
0.9952662721893492
0.9952662721893492
0.9952662721893492
0.9959763313609468
0.9957396449704142
0.9957396449704142
0.9952662721893492
0.9955029585798817
0.9964497041420118
0.9964497041420118
0.9964497041420118
