0.9247337278106509
0.9091124260355029
0.9183431952662722
0.9287573964497041
0.9297041420118343
0.9211834319526627
0.9221301775147929
0.9280473372781065
0.9244970414201183
0.9242603550295858
0.9226035502958579
0.9223668639053254
0.9197633136094675
0.9171597633136095
0.9181065088757396
0.9164497041420119
0.9155029585798816
0.9181065088757396
0.9204733727810651
0.9178698224852071
0.9095857988165681
0.9055621301775147
0.9031952662721894
0.898698224852071
0.8942011834319527
0.8932544378698225
0.8949112426035503
0.8953846153846153
0.893491124260355
0.8942011834319527
0.8972781065088757
0.8984615384615384
0.8998816568047338
0.901301775147929
0.9031952662721894
0.9031952662721894
0.9029585798816568
0.9036686390532545
0.9027218934911243
0.9001183431952663
0.8989349112426035
0.8996449704142012
0.9008284023668639
0.9008284023668639
0.8984615384615384
0.8968047337278107
0.8953846153846153
0.89301775147929
0.8949112426035503
0.8942011834319527
0.8984615384615384
0.8984615384615384
0.901301775147929
0.901775147928994
0.9036686390532545
0.903905325443787
0.9072189349112426
0.9095857988165681
0.9119526627218935
0.9114792899408284
0.9131360946745563
0.9159763313609467
0.9164497041420119
0.9188165680473372
0.919526627218935
0.9207100591715977
0.9233136094674557
0.9230769230769231
0.9242603550295858
0.9271005917159764
0.9299408284023669
0.9325443786982248
0.9332544378698225
0.9353846153846154
0.936094674556213
0.9358579881656804
0.9372781065088758
0.938698224852071
0.9408284023668639
0.941301775147929
0.941301775147929
0.9417751479289941
0.9422485207100592
0.9429585798816568
0.9415384615384615
0.9408284023668639
0.941301775147929
0.9415384615384615
0.9403550295857989
0.9405917159763314
0.9396449704142011
0.9391715976331361
0.938698224852071
0.9382248520710059
0.9372781065088758
0.9370414201183432
0.9363313609467455
0.936094674556213
0.9346745562130178
0.9377514792899408
0.9377514792899408
0.9389349112426035
0.9396449704142011
0.9403550295857989
0.9417751479289941
0.9417751479289941
0.9422485207100592
0.9420118343195266
0.9431952662721893
0.9431952662721893
0.943905325443787
0.9431952662721893
0.9422485207100592
0.943905325443787
0.9450887573964497
0.9457988165680473
0.9448520710059172
0.9448520710059172
0.9460355029585799
0.9462721893491124
0.9479289940828403
0.9484023668639053
0.9488757396449704
0.9500591715976331
0.949585798816568
0.9491124260355029
0.951715976331361
0.9519526627218935
0.9540828402366864
0.9545562130177515
0.9569230769230769
0.9571597633136094
0.9578698224852071
0.9592899408284024
0.960473372781065
0.9609467455621302
0.9637869822485207
0.962603550295858
0.9621301775147929
0.9628402366863905
0.9628402366863905
0.9621301775147929
0.9628402366863905
0.9616568047337278
0.9616568047337278
0.9618934911242604
0.9621301775147929
0.9637869822485207
0.9640236686390532
