0.6172781065088757
0.5585798816568047
0.5777514792899409
0.6596449704142012
0.7105325443786982
0.7001183431952662
0.7001183431952662
0.762603550295858
0.7552662721893492
0.7218934911242604
0.7327810650887574
0.7493491124260355
0.7552662721893492
0.701301775147929
0.738224852071006
0.7010650887573965
0.7555029585798817
0.720473372781065
0.7424852071005917
0.7325443786982249
0.7349112426035503
0.7247337278106509
0.7166863905325443
0.7169230769230769
0.6956213017751479
0.696094674556213
0.7157396449704142
0.7152662721893491
0.7086390532544379
0.7126627218934911
0.709585798816568
0.7150295857988166
0.7124260355029586
0.7048520710059172
0.7112426035502959
0.7209467455621302
0.720473372781065
0.7024852071005917
0.6970414201183432
0.6996449704142012
0.7024852071005917
0.6932544378698224
0.6953846153846154
0.6887573964497041
0.6911242603550296
0.6750295857988166
0.6719526627218935
0.6745562130177515
0.6781065088757396
0.6840236686390533
0.6906508875739645
0.7029585798816568
0.7100591715976331
0.7268639053254438
0.7218934911242604
0.735621301775148
0.7342011834319526
0.7562130177514793
0.7327810650887574
0.7592899408284024
0.7562130177514793
0.7827218934911243
0.7940828402366864
0.7775147928994083
0.8061538461538461
0.7884023668639053
0.823905325443787
0.7872189349112426
0.8220118343195266
0.796923076923077
0.8191715976331361
0.797396449704142
0.8073372781065089
0.8007100591715977
0.8175147928994083
0.8217751479289941
0.8113609467455621
0.8288757396449704
0.8184615384615385
0.8489940828402367
0.8250887573964497
0.8447337278106509
0.8281656804733728
0.8565680473372781
0.8362130177514793
0.8511242603550296
0.8392899408284024
0.8463905325443787
0.8525443786982249
0.8336094674556213
0.8442603550295859
0.8262721893491124
0.8480473372781065
0.8146745562130178
0.8392899408284024
0.8120710059171597
0.8409467455621302
0.8312426035502959
0.8165680473372781
0.8203550295857989
0.8378698224852071
0.8423668639053254
0.8267455621301775
0.8336094674556213
0.8338461538461538
0.8511242603550296
0.82698224852071
0.84
0.832189349112426
0.8513609467455622
0.8392899408284024
0.8392899408284024
0.8336094674556213
0.8449704142011835
0.8449704142011835
0.8236686390532545
0.8331360946745562
0.8215384615384616
0.8473372781065088
0.8274556213017752
0.8449704142011835
0.8362130177514793
0.847810650887574
0.834319526627219
0.8369230769230769
0.8340828402366864
0.8381065088757397
0.8402366863905325
0.8461538461538461
0.8487573964497042
0.8511242603550296
0.8539644970414201
0.855621301775148
0.8615384615384616
0.8617751479289941
0.8662721893491124
0.8705325443786982
0.871715976331361
0.869112426035503
0.8679289940828402
0.8695857988165681
0.8672189349112426
0.8707692307692307
0.8686390532544379
0.8686390532544379
0.8681656804733728
0.8745562130177514
0.8736094674556213
0.8745562130177514
0.8759763313609468
