0.8092307692307692
0.8120710059171597
0.832189349112426
0.8610650887573964
0.8721893491124261
0.8688757396449704
0.8705325443786982
0.8823668639053255
0.8686390532544379
0.8646153846153846
0.8752662721893492
0.8698224852071006
0.86698224852071
0.8601183431952663
0.8627218934911243
0.8565680473372781
0.8608284023668639
0.8546745562130178
0.8650887573964497
0.858698224852071
0.8506508875739645
0.8461538461538461
0.8376331360946746
0.8369230769230769
0.8307692307692308
0.8284023668639053
0.8298224852071006
0.8324260355029586
0.8331360946745562
0.8314792899408284
0.8328994082840236
0.8359763313609467
0.8378698224852071
0.8355029585798817
0.8397633136094674
0.8421301775147929
0.8411834319526628
0.8392899408284024
0.8381065088757397
0.8338461538461538
0.831715976331361
0.831715976331361
0.834319526627219
0.8305325443786983
0.8274556213017752
0.8175147928994083
0.8198816568047337
0.8170414201183432
0.8137278106508876
0.8165680473372781
0.8201183431952662
0.8243786982248521
0.8305325443786983
0.8333727810650887
0.8385798816568047
0.8402366863905325
0.8449704142011835
0.8473372781065088
0.8482840236686391
0.8520710059171598
0.8568047337278106
0.8596449704142012
0.8610650887573964
0.8634319526627219
0.866508875739645
0.8679289940828402
0.8705325443786982
0.8695857988165681
0.8714792899408283
0.8733727810650888
0.8759763313609468
0.8783431952662721
0.8804733727810651
0.8811834319526627
0.8816568047337278
0.8833136094674556
0.8854437869822486
0.8868639053254438
0.8894674556213018
0.8918343195266272
0.8932544378698225
0.893491124260355
0.8942011834319527
0.895621301775148
0.8942011834319527
0.8944378698224852
0.8920710059171597
0.8901775147928994
0.8923076923076924
0.8894674556213018
0.8894674556213018
0.8899408284023669
0.8894674556213018
0.8887573964497042
0.8878106508875739
0.8852071005917159
0.8866272189349113
0.882130177514793
0.882603550295858
0.8835502958579882
0.8847337278106508
0.8871005917159763
0.8885207100591715
0.890887573964497
0.8906508875739645
0.8920710059171597
0.8932544378698225
0.89301775147929
0.895621301775148
0.8949112426035503
0.8970414201183432
0.8965680473372781
0.8984615384615384
0.8994082840236687
0.8984615384615384
0.9005917159763314
0.9003550295857988
0.901301775147929
0.898698224852071
0.9003550295857988
0.9015384615384615
0.9046153846153846
0.9048520710059171
0.9055621301775147
0.9060355029585799
0.9036686390532545
0.9072189349112426
0.9081656804733728
0.9126627218934911
0.9128994082840237
0.914792899408284
0.9159763313609467
0.9190532544378698
0.9204733727810651
0.9223668639053254
0.9233136094674557
0.9266272189349113
0.9268639053254438
0.9266272189349113
0.9263905325443788
0.9268639053254438
0.9273372781065089
0.927810650887574
0.928284023668639
0.9263905325443788
0.9275739644970414
0.9280473372781065
0.9299408284023669
0.9318343195266272
0.9339644970414201
