nan
1846.7994298159053
1201.7529701550304
1371.7751159235843
967.9143395533033
1353.7945866411899
896.3836859511222
1360.377008153675
912.1091863336532
1639.8356657877398
948.867870576511
1024.404602867014
1007.3036231827733
1008.3419056650666
1100.4765180407344
982.1921809399023
1091.1705343746999
953.4342278785257
1374.1931057779175
936.4091453986761
1280.3661114744111
937.8446955639276
1380.1805477225364
952.0085514222295
1058.7389798104994
977.3254883965851
1017.9350462436228
1013.5392808176658
972.6369313288251
1826.1297799121444
937.837530008164
1984.9165275696305
918.083413120933
1222.834372239646
917.4220495073619
1126.7717777066503
925.2811485737246
1010.1486073024623
937.8282765077319
961.8896476466504
953.4899762016718
928.4444002866518
953.9669791495091
906.526055750872
937.1452453990821
896.741525970889
948.5690333496271
898.9755295586649
934.1733194746862
903.6341094457641
927.4663807002752
909.484830884337
914.8232121477389
912.0895152560457
903.9837274071092
899.6910312635955
897.0443105919279
869.3442572154244
891.465555917285
858.8924518383859
893.4009734492345
877.8609401367289
895.8364078227848
894.2042241803557
898.2336953234844
899.2800810241231
898.3706899601339
893.8060292744216
884.3416204053457
886.4639084983498
850.6510277448051
883.0152529638005
829.0763861922667
884.9554222688212
847.8585624716659
887.0128941462965
871.3436189876361
888.108953575826
883.2274109639625
885.3503671983835
884.6867292712947
872.1716535426267
883.8159694996048
844.6270257817973
882.1340845150222
826.1404056192666
883.465049438261
847.3005477425548
884.9887907303576
870.8272806855489
884.8421102761658
882.7588560249065
881.3563609031819
885.9897137569641
867.5715565916939
884.5060858924801
845.7833343603372
883.2681279192723
832.0545487435846
884.1674536983883
848.4481019604563
885.298244598385
870.7203728567533
885.0914106512023
882.7470508044726
881.0804807806234
885.6689149670993
869.2069223204188
885.8503743379304
853.1883612660364
885.2298385861619
851.0703363204664
886.5255440238005
863.3505355137063
887.4925707123697
876.9583075055825
887.4228724417313
885.5674200476801
884.2220800943539
884.7832927899941
872.8447038172575
881.6103510471651
852.7911395437296
879.1099686131945
841.1834399370044
879.445019519361
854.978697470803
879.6662959845819
870.0846308121908
878.9048274508244
878.1929497043039
874.6231592990509
878.7655205053178
862.5618459698819
878.4991907845647
841.3159345124047
877.5932372278616
833.4856257996905
878.134444784869
847.7695428216383
878.5255860309666
865.2188842334267
877.6900316934219
874.6998822162749
872.3698046961464
877.997437309338
857.9015034787685
876.7543777190417
837.2852331396805
873.6828100149596
828.3061750095608
868.2676966504738
842.6094671507184
876.9545703986016
860.6309284035015
875.1445840371103
872.4792434405003
869.7174579958777
873.6245681308926
849.1712551560784
867.6458528987276
825.9985218515803
849.403319247957
817.4736218003948
852.3842109651177
831.2779471100528
857.282178094649
849.3812434860093
862.9839365082842
862.4279131657116
860.8397435501464
861.0317107662237
848.5301383621802
844.2318827020889
831.4571089493149
825.698167504991
824.0704007928374
811.370487971586
835.3650059971955
817.4589882570433
851.2559935824551
821.9098558236656
863.4106122795214
824.6973213453969
843.7067774751738
849.8336653593526
805.781864721111
834.9128246082964
796.9228643868963
829.4521680712626
809.6898513146657
839.0780221544102
810.4801871448894
849.1640289625218
815.6646111197201
846.6206912297718
814.6020593381771
827.4620302270854
823.4218600749581
805.9741790139849
841.2389008603686
791.3317409062506
836.7549488447905
792.7819488359776
831.0997531498825
796.3920617846464
837.9820096034549
806.7625695313772
822.5083980802616
821.4483008469319
801.3060596012476
827.1013259487916
791.1541448179801
826.7645539802033
784.833577362867
824.9962032897615
786.6754129621299
832.6592962661582
792.3746062216604
834.7213205667797
803.1725486743655
807.8667188816975
821.7327779181929
794.0980124536991
823.2155538845153
784.229401849032
822.6228860998839
780.2910336167432
823.8418449692518
776.5346853171618
828.3496759359249
776.5369215670945
814.2865379456435
784.5564789311906
795.6205165459439
796.8636975975904
785.6040632659902
813.0515548299778
773.1058384879909
822.9002173484171
769.226584004562
834.3158625504017
775.2772000316685
835.6531381516601
787.16103793311
837.0924877853491
799.2989136327698
817.3073550153405
812.2542929445881
799.9613550564953
821.7646301797342
788.2212309141245
828.0666126637343
780.8166307440554
835.9497702265458
782.0462724673803
845.7425497438908
795.2514003499541
839.2247089590281
803.4415419330727
823.5215264117671
822.8700659403901
810.2696394955412
828.4346466462536
796.2555197439245
827.9591001993359
796.005727287666
841.5368355359076
796.4754408075311
845.5772697648719
802.2067466037781
853.264194650945
812.0590320449526
825.502866956275
828.6010317877464
811.9489876559791
837.0729482278213
798.2033453207852
844.0715501031985
803.213114359354
841.0457510451537
804.8974389689275
845.2938960932123
812.9482459407621
844.1225540813255
825.8833752469625
828.3441577089161
839.7554601436168
811.3108645344669
836.2030133107594
805.2538528996082
843.4949000966474
802.8306924488345
840.3981122631501
805.5601606948142
844.8380237337072
811.5398890127854
845.5754916237385
815.6361038266087
828.9733623697945
834.2345353503464
819.467827902583
838.2571201970972
808.4370014728356
842.592453424632
810.5134177368262
839.4083455649458
806.7493178023066
843.6301501122205
813.763432241256
850.6049740720305
828.1176027226503
831.8772636400217
836.7826899071055
814.7570990086143
837.4321089723152
806.5447854731041
842.960584872645
805.9557249659954
840.2108241084253
806.0434352314186
843.9704425863036
810.3862939419753
851.3678711325443
819.5886795842243
825.8050168188887
838.7281373356783
811.4501482509866
839.4975760902045
805.0746912601221
843.0609281728491
807.5434978631464
840.4574310529775
809.5905494956961
844.1936616153617
815.7875718084584
851.8642639069625
841.0556878548954
847.5771690223834
838.7526290548499
826.7209055240846
842.0342041253916
810.7336140072681
843.8132490051174
811.3612548126949
841.2560759522071
816.0909798889455
844.9514612895069
827.2888993833453
852.6280802243207
835.8130337409042
852.4453845093232
835.1389343720041
839.2773855558672
842.7003120137833
815.0589053916849
843.981173603964
808.4046900407643
841.0073641120608
813.2033100309212
845.0661455869414
811.518582240949
852.6241728300398
821.3817190683542
854.079675173865
836.1568947792229
832.8669833276247
851.9515331403985
817.4621305577775
844.4418778117143
807.9212089010135
841.6297322642558
808.0182718352671
845.1877254810411
811.5841659528577
852.6822152547952
828.774285477861
853.1588462846985
840.857332620031
832.5353414396263
851.45034801586
821.3298103155848
844.5960108873032
810.5141660084075
842.1428332351386
810.3840982311144
845.6347067098463
816.2449034581632
853.0875202764504
831.6451995269748
860.8332959151645
859.2733807752843
844.8795096717976
851.998556951694
838.5230114837352
845.4475070285711
836.4870713411955
842.8189033212368
833.229951565675
846.1655315497534
833.4244907169222
853.2235783281455
835.5823311502612
857.6594238123696
834.4250167667185
837.4300988222999
852.2691802901081
827.3526056538057
845.2486612425542
819.89127402011
842.6094800180983
814.1689000392627
846.2314486596663
816.230936256328
851.8098362862667
830.7975512490101
840.597644105714
836.0429880222226
823.5283281637335
834.9497388411796
810.5827651032836
841.3275056418204
805.3254736333794
837.3313357587798
806.0726926017079
839.6683221404758
810.3601691170205
843.20742059029
816.3983367299934
839.7731625345167
822.620053425525
821.9134048583498
827.4196082983665
811.2950639961074
831.0067463396877
810.7145509244572
836.6118633189161
812.0695623455944
838.9043992180865
814.0632561676607
845.5300206228699
819.3802508349817
845.6123835711725
823.4213152780118
827.9684201941136
847.7452044438843
817.3812816917023
839.8437295573644
807.8101480900546
835.8996371377464
806.9960496063009
838.495048970756
810.0910764312231
845.0264365620171
814.0925276589434
842.9980970041083
824.4033370418317
832.4540257522667
847.3846001664267
824.0998967328886
840.0550792668297
811.9183347271901
836.3837982788166
805.662041633509
838.573153733875
814.3091237940245
845.4050173897667
826.5165192042848
847.1842841610494
855.3106296862462
833.5872219792681
847.5016415473476
826.2443689964027
838.135360892471
821.6639764201116
834.2082882622033
818.2570402138953
836.9279486769802
819.458239030097
843.9969672714666
828.4048942991695
836.8409936955379
832.9901547804654
830.3931200446181
838.6321696652906
824.6566768489548
837.5893012550678
819.2315750643502
833.9223124840531
818.7486710959091
836.5742675711449
814.5499179590813
843.2863363753956
825.3355797176649
831.6800504124066
826.9021062572596
825.3610966588288
836.11489195548
819.9486048769905
837.6626667275196
815.1370801083743
834.1312875751762
813.60592314317
836.5104408739397
813.6364174209889
843.058282492867
819.3528421408989
836.9997485702509
824.3768907489431
820.6445841064268
826.5837749105527
814.5776398295376
836.9472549943838
809.9550369336295
833.3553316177447
812.0980780383526
835.8637238687743
819.1002096225538
842.5805127300013
832.1487141713542
844.2432723947029
830.6929156276435
832.6210152109046
838.4282149882447
825.444640258138
835.3219908213885
816.0132140446705
831.8309340408106
815.8768830686
837.1951517880742
818.1185971293464
844.6661191143003
819.5706186597455
830.6923270337834
833.0799174715983
818.9559112775147
835.5675555409903
806.2668994207725
834.8912120884593
798.0773448620675
835.0500869848217
794.318099365703
839.6208199056467
792.8399278411307
836.9851276642486
817.9622613737273
834.7588322920456
825.2638568812486
809.3844345572585
831.6214491724543
800.100483485929
840.2755854676384
792.6705512914416
836.7440819461984
791.8600347487336
839.6170519604384
795.2947194331002
843.9892845242921
820.7548739217365
832.8952396310248
823.6398123877306
805.6039144024446
826.6477029094989
790.897118365496
827.72733473007
787.6175204746551
836.1104843940118
788.4365349231205
839.8911393320187
793.5821319757056
837.4316280808439
804.672419708884
831.2930005288382
823.303784177599
804.0098899601153
823.413003638417
787.5963653752545
823.9654519599679
782.7448380950638
822.158819633885
780.8379706534439
840.3705342431795
782.9092199117767
829.8963803615255
791.6513271183074
799.0448774188949
802.3147248854058
790.1558803487616
822.6986112643345
783.3435138196738
821.9434618546803
777.0895823269535
838.4657560503933
779.5118921530338
808.1303228248885
778.0400232833033
794.7051667857006
779.2440149292233
788.568970558073
788.1384730606762
781.9764098802535
796.006388944746
774.697872536205
797.7083757968926
766.8086277414159
794.1389774591559
763.8105063633348
792.1432023182269
767.0607902538044
782.9860611597942
769.8982619628711
777.4800207909991
777.7935948705193
769.7228326804872
785.5593806232516
765.0925611598201
788.2765896410956
763.1619015988305
787.8669842454748
760.789164307026
782.3666571331355
759.7560194892251
774.2247405711618
760.870282551035
770.0537931100118
768.9162549194596
763.4984316711327
772.6629942961129
758.1407806892595
775.35450965122
751.5822065557376
772.3753505431434
748.3209137049126
768.327671182123
747.544259574637
762.1511709168169
750.1151790459015
758.144121304908
753.5221940944857
753.2778462049633
756.3886272287859
747.6423901773127
759.5508084089608
744.7015512871656
759.9929107418159
742.1075168397931
757.9368819143607
740.1755047543536
756.5314133555828
738.4178690969726
753.0727376999713
738.5689128118225
747.6866414662038
740.6257802818467
743.5025382726398
739.6961730585837
734.8109444296349
744.3926704918324
730.758837217729
746.2208349703207
731.8847572822365
745.2801691494375
733.1213233571885
741.8540077257338
735.3518220041715
735.2753390222546
735.9182105869272
729.5859639646106
729.1412117393422
729.8311830829336
732.8536545102406
733.7199013685438
737.4989270153533
735.2754192813451
736.8540169339908
736.3043653996897
737.5822744816983
735.2735192127466
733.5318279901849
730.787881793522
728.7414567839103
730.7416533974996
727.2182218611794
731.7821796778712
727.5553251411028
732.9825651235014
730.9113071837072
733.7720644720212
731.3955730273212
734.8811921010969
730.0080612299058
726.1080069537708
725.3923900837885
719.1525901221256
720.0199996120461
721.2722028665813
720.4894019493535
720.921307237577
719.474814265021
723.7718224586
720.606767859381
726.5234576117409
722.1868426710619
725.5423132087765
718.567526886696
722.5869333336364
713.589369753564
721.0188117352801
718.2212820712076
725.1898028172704
725.4618382456388
729.7647880655672
731.3687282614928
732.3765571542656
733.8564666710241
730.8903087436626
734.9060687358199
732.124834984524
735.7370861218283
729.7917052767407
734.8391844892357
725.638175195775
734.1475437972481
725.3426119460306
735.1435086452416
728.3901788529063
732.1997688681305
731.7246001731068
732.5620571875284
732.2099487665466
733.8151492137288
735.7146408446326
728.7185103676445
738.2805674197647
729.5594364981076
743.0646313043095
732.8433439698263
744.365087887146
732.1765642400272
743.0304364727547
735.2512008459576
744.0805993366378
741.4059605788468
740.2604290782048
745.039745484442
737.5973165444855
744.1193777961657
730.9549033326572
744.1447140935638
733.1746613851668
743.7790716803829
735.2428249121758
744.8722791294855
737.7279212885516
742.1737872325565
739.6812856536122
740.7034816427335
741.3794670555158
737.1860212397339
746.8329215721319
734.0879631611849
747.2364785489566
737.1519735916137
750.4230153960166
739.3595833878317
752.0269555681477
742.1450953661072
749.6652244888212
743.0191415437668
742.5346308175198
745.4693123033002
743.638221881236
750.2440858934502
739.9175028849886
749.2157429103704
735.9872391279938
745.5952950180093
735.2934349741456
744.8053613005295
739.4471184796002
746.2654190014467
746.1594431478329
744.9691791660141
751.8451532508058
747.608826932274
753.4592767504028
740.2315161126375
753.6676670212421
743.4989679904683
756.0565581941013
743.1750980004321
754.1533325976004
749.6233628127235
752.4522259970627
753.0834633154714
752.8171241777736
756.2634430024908
750.3568767717306
757.177820748107
747.915127983755
759.3786266692183
747.8372547065668
759.6031066780082
747.6840098028567
757.9367363869167
747.2354615366573
751.6746730101767
747.6929381223549
749.7825225380114
754.0604084693123
748.8608158591431
759.2128461636026
748.3250174343859
759.5503523624054
747.5853324393146
759.0299366077312
749.0807864065456
756.1183176211183
748.0224514039609
751.792322091369
747.0919870648298
749.6789825738861
750.4212025436325
744.142162196062
749.6305014305476
744.019579669493
752.6416717951495
748.0784244986098
754.620242680096
747.372277191069
754.1555575603943
748.0312517020627
752.079824870601
749.7131326992867
747.1490411821427
751.1331454874397
744.727889366981
750.7457404792517
746.129041141313
754.6504602561972
746.7081687962129
755.4404869960243
748.8373951249658
755.2033550120983
750.3058550788046
753.9271083172474
751.8996893349017
749.2488200598849
752.5693990992911
745.4925213373953
756.5453272776292
749.4411972034518
757.471221590351
747.5773429776418
756.1106321471815
749.9055604749188
756.946097155748
750.3067896773306
749.9394385486391
749.1937103819467
746.6481237579037
748.6789584801099
744.4948968731433
751.0402122966065
741.4672857339636
750.8615508644934
741.796037524713
754.1139912546722
740.6058858982467
751.4853310184961
742.347431234266
753.6633546639947
745.7479899177496
751.5089301682804
754.204180796759
752.7505609316703
758.7173334143041
751.8486569047511
761.0057746368915
751.1741905310215
760.6411556818008
751.302163534128
760.3935002913987
753.017365622506
761.1423420595466
755.1590174183743
756.2240195834859
757.7010201843185
754.2094975747538
760.4790849423063
749.90299735831
761.4649291487372
749.3475142066819
760.1638546644656
750.0519939985177
761.4736217040374
755.1789365082774
759.0885439464871
754.4164902102563
755.6229779127308
761.8040848092311
757.5426340053141
768.1587714430732
755.1625762898574
766.8217568072956
751.278298330369
767.7286289065937
756.9256481542127
768.3559167962383
761.4367557271191
766.2238777132596
761.413621275247
758.522527927667
764.8922025854474
759.7388415470814
771.2126647017146
759.1449715068723
770.6617651665368
756.0737782322911
769.7916484891575
754.4573366946817
768.0532023993401
761.646146308149
769.3582022129332
764.1860061248658
763.608584294072
767.4220824295692
760.3235476274882
774.0496510291404
760.8172116028319
777.79820891904
763.4055405492903
779.9708922623178
763.5117704687531
775.0817429753384
766.8956095094678
775.1705869723633
773.3362783488369
769.8420854958995
772.1579676483739
760.5745324394322
772.9732164680621
760.5888810261118
777.8808273413725
760.8251839123698
776.260158088109
761.7237976414275
773.8020270783444
763.1983029131633
770.8639434618124
769.7062621211503
768.8933168876562
771.5205345582601
761.3177414700809
772.1942258325429
756.8657740658307
771.2146819750947
756.4257599782394
770.8630737991203
756.390829505365
765.4482937929407
759.1286188331532
762.248291063012
758.3855997034216
754.1294432477657
759.3302704476814
751.5147604390095
759.7973530928001
748.8130859278874
760.2070813343743
750.2165436108825
760.5045606617831
748.9457304094126
761.8106685215555
751.0748075769819
756.6652260775385
752.0030629763954
752.6971903743085
750.5694230281922
746.9279056882518
751.0179563970405
744.8121183205951
754.6937550876993
746.3274962629636
759.6032542926035
747.0641378093034
757.939578209785
748.7335849532196
754.8543909234513
747.8368662074835
752.5909216240206
753.1995734875526
746.9135886467674
752.3030371671002
745.8973937694567
756.1501894554231
747.8764246547019
756.9447831749843
745.1170745949387
756.137093787444
748.2514595678601
757.8934320749728
750.2824319830088
754.9422030597608
755.7712444607399
752.0809891336985
756.8503067710868
748.4316916939025
755.420159043458
744.6833223808424
753.3877450920199
741.5615162965341
749.7131529347504
739.3075395164109
745.6199494350983
737.910230685845
743.4101852050886
739.605532475901
735.0593872918222
737.3414813190284
731.6767877918136
739.7508034207173
730.7284304314317
738.3276308546574
728.1285142192322
736.5430857005665
726.7688942014579
732.896091340382
727.3378346572736
732.5924224239338
727.2926160065442
728.883976141048
729.0599396802857
721.609775966135
730.977576200471
718.9704068244544
731.4634424656068
718.879066673306
732.0602533420757
723.4145903588937
731.1279595157353
726.1990216292027
731.9238117451437
728.8983016270925
717.1182148744192
727.2702905082458
711.9540015317967
730.8683144756703
716.4247209881825
733.8164548172136
717.7851989734298
731.4458752952631
720.9074625584399
728.8813764146271
722.9648994797575
723.1855855673491
727.4361116961629
719.852135127002
725.0343400869655
712.9510779426308
728.4603837733587
714.1513176736718
729.8440468589404
717.3798843537994
730.9192027318206
723.2402522921362
724.2343734913518
724.2952778353832
715.5381852893638
728.6199916889927
716.1253348494148
726.6526968060961
713.0965195347882
727.03241716314
714.7889230221431
730.6990474477195
719.5480471988756
728.2938861036606
725.2115154146449
724.1396461885208
725.8649560258964
719.9983099144313
726.753371421141
714.2209991495862
726.882248432402
712.7465771473088
729.7803483649568
712.7679244389153
724.7073875279759
713.7094614606515
720.6769389583468
716.4397626559535
718.9460152513906
720.4614242133315
715.6112628934236
722.8046034107591
710.417432318494
718.5440053909593
709.4335875295717
714.8749553659281
708.4805977751489
712.9836740981534
705.5048644625301
711.5600750069464
703.004111553152
709.5461013197121
705.9687481665139
705.2018100645456
706.9859553538485
704.0153605522789
708.859040397331
701.507413900494
707.1505244428249
700.9911078349392
704.6065844259447
703.1135444775529
707.6271670996745
703.2302874752532
712.4109204751621
706.6364436044356
711.6514808043862
712.9107904886607
710.7049368829927
712.4901945457596
710.0241884655311
711.174163928737
708.2129131135812
711.3515779720939
706.836061124382
715.3541118786485
708.1310787071063
713.7715159017342
705.8706097142127
711.3111192469156
706.9878288016001
707.882391201404
705.2980962173563
703.6710516457406
706.6953327675488
702.3491416397794
708.4052298469022
701.5333345950274
709.451144413744
703.4382834900164
710.4945169751691
705.4516742630868
711.020368010488
709.7196010213387
710.1329528510503
708.3314666808878
705.0451393387168
709.1269078080228
703.4657153763361
711.7855127796205
705.7464866707838
713.057527980147
703.60900628605
711.3864398659621
707.4031364778989
711.0485113360284
707.0711342398537
706.7428673150214
705.8759128447473
705.2462517738346
706.8561089957989
701.9656070003159
712.1593127587824
705.802215974786
716.6127869606077
707.2686739654696
713.2549840825442
710.1322243810381
710.6023002088987
708.1761199479357
703.6027058346908
705.7889844832008
701.3417272144198
709.9620244864147
703.3255498447185
715.4691225222726
708.3435832486527
716.3907519393736
706.7570690556057
712.2975346704177
706.8594328086493
709.3948226310306
706.7504852809819
701.6846509907067
703.4627447802061
700.6486684915857
706.3075777277628
703.733934039468
709.733163306069
705.2906774246312
710.9699598875461
711.6717308402314
709.813792165453
711.8409936968185
705.7365327320457
712.519441081097
702.778718876045
710.176671177764
701.54725900952
710.101766440493
701.6015758739222
710.3962198152923
701.9451475932391
704.1091193365758
703.3539035574397
705.6900437934587
710.2724951146578
705.7942833170962
709.6028506206509
698.4486556998141
705.2038403602837
699.6154045302229
706.3416610986643
698.9693232938669
706.1554221391978
703.9193661256793
708.5971261190098
704.922019171372
707.6301183999759
710.406218732426
707.7356067027596
711.0425457010151
704.5070672631455
707.4307270821624
704.2889118227006
710.9995335671622
705.9759610937065
715.0542026674864
709.4699726437132
715.2257832623058
713.5249337580341
713.3094879054075
715.5275385417733
714.7762968973597
718.3920013848604
713.5044780660191
717.1991758557814
712.1078848696043
719.4199388106913
713.3357662669792
720.9649566588729
716.5223525417955
720.8733507631563
718.1495570153238
719.5138895448888
716.9309946493906
715.9635701095991
717.6733995356815
713.7910916042784
714.6452107282764
711.7955986400619
714.9542824263185
711.1758552581285
716.1507059860937
712.8965405127545
720.2974012036136
719.0454955580004
723.2669265603976
720.4679781099524
722.3855355185106
720.9511652790645
719.2788591313144
726.5056865496889
715.7207169190874
727.1490296706561
710.6796377258098
727.551501255872
712.8452493036476
729.7106734661797
718.7456440380114
732.9084465068047
727.5188342728804
729.6216509370759
727.0723519865516
720.6049770433292
726.6327589069117
717.7656253660577
732.2369533970766
717.3069146399746
736.2936178345349
717.5428088198516
735.4523778800077
722.4570451174968
737.8802399195037
731.1585104482225
737.1578328103815
739.0641788626325
732.8338039560306
741.1553504579356
725.0732352962941
741.8378718598204
723.7814362835294
743.7224460901664
726.0646945088072
742.3584068656968
726.7179850077216
741.5906576934178
731.3285116944572
733.4641808493777
732.0528125406638
727.5249015388893
736.6802446150149
723.300491693992
736.2534230419313
721.9380685532678
737.7515250385687
723.2749290927469
737.9377352340755
726.7344992020904
737.253243571077
731.603880049496
732.630317192035
730.1090567742298
723.9700533949978
734.8290614982848
723.200047951036
739.5834713189506
721.1184604884959
741.6136649959338
724.6217657132653
744.4291498188722
727.9513095269986
738.4140216623443
733.205916481819
734.1036569731345
737.2691058000752
728.2633867418795
734.949870122411
721.2778241719051
739.230738256177
719.5640424734318
740.535952455792
717.916853535497
737.7143766496886
722.4922983559453
738.8275714991231
727.6042566835474
730.9024306971432
731.380783990095
724.5711234553659
733.7468553039157
717.800948041243
733.8045138363511
712.789425634685
733.3146518160377
709.221390627976
727.8753653772438
710.9611821708007
725.5934957792564
717.5579584652929
716.5776759717301
717.965396691834
707.6940913947975
719.2965288622089
706.4829941747265
722.1381405605381
707.229319832614
721.0945412912282
706.2932319980989
717.4896690207888
708.1176022040995
710.7858638619509
712.0510144228585
709.8033733148305
713.57888743736
705.4028757839632
715.2549846720883
701.6490451596669
719.3054893263704
702.7327198988714
721.9594334286568
705.4707547388757
718.0974591842102
709.2446371757952
714.8201931669054
708.7272257199472
705.6770727870882
708.4090378330691
699.4545882823734
707.046609192169
695.746227341481
708.128999042103
694.4466954598159
709.905891442599
698.1333607337041
708.9454151898192
701.3743635576657
704.7444073495205
702.6659983601155
694.0625911952288
700.86096536405
691.0217422247293
705.0266573345674
689.3949657240526
710.7088332385533
690.7974340324969
708.2808108108951
691.3423700541924
703.1401743256023
692.7692986606216
696.0319037788173
695.6733201554564
695.285050194483
700.3816718990332
692.3683986938447
700.4813250935765
683.7424942670452
697.4383292246281
680.4141013919532
695.7233476301361
682.4974403585798
697.2710918263678
682.3832037332994
696.9301671096915
691.4086550877737
693.4874538250061
689.4510036502588
684.090884434251
689.2429567400598
676.9187560502834
688.2277745244464
674.2798195002387
690.8475905090314
674.3689273236416
686.7184395197875
675.9156532169512
686.3715623180225
675.8498911148228
682.0824643151675
678.8709924116357
676.2910649046499
681.4145138455758
672.3128741913782
679.4864518135967
671.1115722721513
680.116933000981
671.6044084946193
678.5362916519957
671.3962125189346
675.1393874743651
671.791003798468
671.7087199768558
673.9196034285513
667.7457011838183
675.2550120246353
666.6437413873389
674.3995452877041
665.0049615979565
675.7820876636872
664.9215959992456
676.1641729131949
664.291641458704
677.3599362061015
664.7244569016349
673.5078747003178
665.6460663810387
666.6051533003208
668.076179300927
661.4715462551011
673.9351396688627
658.0207360484304
678.4280995739257
658.0408002442507
675.7250410866873
659.8995078224507
670.789969310622
661.0606525222031
664.470414691451
660.0511342579853
662.6180163735419
662.0435431267852
658.8284637237891
663.4685218143177
654.6140913465485
667.5801096960046
652.9927429481565
665.8069150129243
653.7399782397961
666.4142289043233
654.9154690752614
663.9435949401776
656.3935423999748
658.7667367999961
659.5837800115129
655.416168351208
662.9307332595978
653.7757319529206
661.7738546627706
650.7331033823212
663.1990203927904
654.3530571716029
666.7590716924308
660.1301043721594
668.4865168531547
666.5825463322917
669.4487814010333
669.5604936683723
666.3118743051244
672.9401444854209
664.0894729304331
674.1394901224277
663.218570785348
673.6662956162367
664.5269697003424
677.7068238233612
666.8634953726857
674.7411315412043
671.3352441537985
668.769192272799
668.0669955663043
660.7273362514483
669.7017434909743
658.8461230142162
673.8752186515434
663.7718382632222
676.2964694565424
662.9825913399591
675.1814989291807
670.2557556459398
675.8483095540275
672.037514101516
668.0427488620569
674.3142538520333
668.0315466943757
678.9264415413106
666.0398067543217
676.9239872759292
664.9942906778916
677.0233408737689
665.7756124519997
677.3071463284257
673.2187915127934
678.3837685816997
676.1374390411072
671.8508965848285
675.0070796178106
665.1670561056311
673.2071540203208
662.6432837002247
676.8314946917736
663.766915201574
679.9533088147429
669.525791830343
681.5013565382704
676.2464268789545
682.0738911967371
679.3917354689441
673.9171738380954
680.5847949145576
669.9277182721378
681.8134714373329
670.7424034423756
686.8504463909783
670.9660191334917
682.801410651104
671.8796906294568
684.5402290635309
674.7744405120551
681.1169020973493
681.5847888147752
675.6665473930663
679.865090477217
668.9405199500793
681.6776812683438
667.4159072647388
679.9307062696419
666.2936241730685
678.0585028068723
665.0744458322777
674.4525773636649
668.5840107786569
671.753963428026
667.6846287175609
667.9916892089842
671.0522020173942
662.0305994489565
671.1691057178465
657.6608805605034
673.6574315969169
662.0770752751883
674.9408384444891
660.1632317527841
673.4818728409186
667.5683015861667
674.1733159141456
674.7132997782348
670.8825177946705
674.505202933687
664.9410154301436
673.837029048701
661.7055151623454
675.2240986483586
661.8693305251168
676.4124100007845
662.4731684582775
671.1721819279296
666.4806012325604
667.255793897357
666.3348168050752
663.1193899121575
669.8230011249249
660.4647793470366
675.1016569559384
662.3016354732866
676.3921248423532
663.8150716736563
679.3595517274396
666.2012389322554
674.2824827076394
669.1702498497391
670.7135281530122
667.6912581195254
665.9264846250277
671.4340331219519
665.4472186752877
673.695115762248
660.612325031369
673.5165425628168
661.3596935837794
675.3858921061931
666.2893548070758
670.7122144172096
667.680399386999
665.1490935731134
667.5788811289119
659.8836207861671
668.7723099518561
657.6625919191976
667.9700161631828
656.8710581575883
673.6375820341154
664.0259635943748
673.5165549628543
665.3956724897715
669.4505607410244
668.2754184103874
662.4602527936863
669.9813767722304
663.2409011314508
671.5187020456601
657.5101626952649
671.4069894030404
661.4547220034518
676.5905417927894
665.4029380039126
679.525222307932
673.4159412873463
676.7151702222194
675.3441716466488
677.0923026185324
682.6258395706873
676.0383681818499
687.1934395175206
672.9800188406424
684.5793051191246
670.711134682459
685.761866144722
670.7977486677757
682.9963408141535
671.7595932034643
684.5166376210337
672.4632055840293
679.003866121221
676.754883323157
669.8356328943913
678.6455926670313
664.4617570377694
684.3278051004377
660.4597928732418
684.3418098281632
661.4721893954909
679.4299649317729
664.3698121392777
675.8146877939671
670.8889650087896
669.1964219644134
674.9452254715883
667.6393577579963
678.9070895334278
665.4600283202467
683.2344086358265
664.2294308784151
682.8328631901917
664.263556737019
677.1594996681947
663.6315735337542
669.6798004348042
668.3404131248025
667.0714339851158
673.3024303569204
661.8415117174337
675.0488715129001
659.7363772445979
677.2256669690233
662.3394859585931
676.7893116748292
661.3378154531351
672.8906062876487
664.4420836972188
668.1478496279735
666.1372693789234
660.6037866877015
669.7144275352423
658.8555478351387
671.0529005406732
659.8916733973081
674.1647372585387
661.8747172833744
671.7642001283024
660.391743719001
667.9407173855684
661.3556962156154
664.63497010896
664.0226190693041
660.519896852172
664.1670632826651
658.36547026624
666.9191846371433
658.3710589545838
671.1640786338208
659.0053682569088
668.3784431679424
657.5642083170687
668.2971715059912
659.2977536652879
662.972729583149
662.2981149758247
661.3020190547867
662.3123051631485
652.7981767590612
665.0017691450142
655.249594819151
673.759516572029
656.28417358396
673.0944140766182
658.4557434478464
674.0974799976697
661.5280541144666
670.384809207491
664.719519559507
669.0635021701526
670.9557890068531
664.9384120474226
676.4129072449535
663.7589785987615
676.5858987002083
664.6536655642191
680.3199204455617
665.6341390120897
676.9580985570508
669.4369666950499
673.2202809101799
670.3283649029238
670.7424613786533
680.4385279758627
667.8345256175614
681.0364999139406
669.6940110321827
681.7364530975839
666.0779599072011
679.0974754067832
666.9201587439084
679.3012229213759
671.7191412318416
676.9484691331209
674.1008849593554
671.6165593812857
674.128091330938
670.0231766267315
678.0818567779597
664.959487118199
679.6992559250616
664.415533761237
677.9636664577229
661.8550732675184
672.581715222843
663.1201857918178
666.478395501885
669.4520230819824
663.9165594600578
674.5131806432943
660.8523896777203
676.8459348052234
660.8516618637483
674.997311065283
659.5914850702251
672.4621375425202
662.977118352475
667.9418128142665
666.683485678348
663.179153709612
669.6207436462885
660.2546162142991
671.8196650086139
656.5899226755345
676.1193184291134
655.0624937009768
676.1481866767235
654.0125760859061
674.573601696787
658.6257745866388
669.6691817154523
664.6569487122997
659.2934086311186
667.8520972620305
657.0338424514566
669.9961732699636
655.8969992181462
675.6017355253708
653.7054947965854
676.4260318882052
654.0485247884235
673.9299592267436
659.7046432354834
664.2050244838906
663.546060716063
654.4205288809972
666.0931448488548
649.9913410470925
666.1838899044731
651.9268010578395
670.5572486245853
650.2521363519207
671.4030122028621
653.9819928219814
668.8473458187036
659.7564470432089
663.8301148648501
663.7354654809292
657.9647780164876
668.5067944372521
655.0973072420387
671.6599198886443
656.2322306361739
674.745976597217
652.7014465396851
670.614961232028
653.2197491049545
668.7292248981754
659.0342047821563
664.0579111863111
663.6917544541425
660.6459948516369
668.0184812889667
659.5200357570175
671.2769836076166
655.1939177654717
674.6715906977703
654.2257097333566
674.3172674764227
656.6151602770095
674.3202519398969
658.7344706563468
666.2656658363546
661.4351753362046
662.2488945280646
666.9221191980389
659.3510487208792
668.0684041046696
654.8019029887857
670.2437039839988
648.5097341068606
670.2142614929425
652.1353145773713
663.2011058430884
654.0582705427445
658.6971107259083
658.7805063908681
656.0420531382846
660.200369952116
650.2954517240219
662.1388621789042
646.1123746581494
659.9340811723154
650.6679061864266
660.3266286031117
649.3787216228664
659.7481948806558
654.8130269937595
658.2351316520202
657.2641854117539
656.5760950367052
660.3778774618946
654.0791498337769
662.9397743537804
651.4963832797398
664.2853635701332
654.6445185026416
664.7494382825791
650.8249508526512
662.2341875379295
653.1934242893486
656.2208976605648
656.0303550124593
655.2050043938526
658.3228134809013
649.4198550348826
659.6844805379944
649.8181051930593
659.1167469763006
649.6229513595806
661.8301095062955
651.3385174642541
657.3163929754141
653.0595323418245
656.9809204349781
655.1111867918373
655.0355219233356
655.4351980828463
653.736395775952
658.4043943486894
650.6423061194798
658.0093693187038
648.4164024689189
656.3068751695241
650.6593635526091
654.4563387232896
652.7120258386608
656.4962975630839
655.7745176375386
656.0007832043913
656.4508012318205
652.5985895725023
656.393690271658
653.6251212015059
657.2682961934805
651.6419895502789
657.5353339516694
655.5272834038576
659.296273908653
656.0517875971052
660.7748482308169
659.0768013955425
659.8191311084358
658.3017533834488
656.8881142281659
656.4307895697633
654.0350108208874
655.2729223627896
650.0665840936041
655.4966965845921
653.0026866597888
657.4449149023559
654.7061294555114
655.5944440845508
654.8828800109487
651.2371069173745
653.6709370492188
650.3153543715098
651.8005665856319
646.6169268740771
651.1550020386323
647.8477746749166
649.104403790896
647.4333155015358
648.1527969065947
650.0525860217939
648.8424759922951
649.4924303358856
648.5857499020366
649.6119321355793
645.7367304273586
648.0291626972027
643.7352281582973
645.56214864981
645.8676253775002
646.9980864108861
648.4055385433136
651.2766513521532
653.0775498325711
652.4976304626109
654.5687706391977
651.3258646455688
654.2856791219597
651.8845056471331
651.1388584924736
648.5932334286239
654.4788540550232
648.3757050407479
654.4596744445096
646.4434390344269
653.6857492173688
648.75297509283
657.8157080504234
651.8740672021094
657.2471356451628
652.0611129590559
652.2227117854056
652.118797987789
649.8659466066606
654.5652778435322
647.6068533709258
658.9454725816722
647.4724728614747
662.8967455319688
655.1480654798393
665.2856249340808
661.0973066457926
663.9529317702995
663.7541806190657
656.6947609434436
664.5409568573718
656.3323587306654
667.1466102226703
652.1629376337269
668.0104900956218
657.9333730357577
672.1569914133837
663.9679578250039
672.8271248838672
667.854035159674
672.8725523774258
670.080403666048
664.3602469589806
674.762626874275
661.446170526027
672.3463767090756
659.1223408510418
674.5224239997181
657.5269299125057
670.2448765404321
656.3479771760364
671.2302751162783
663.1546632434014
667.6961284529691
667.4386731918737
662.9134433838916
670.9541916913585
660.1023944681863
669.2331592055366
660.5023567928113
676.2111162695337
665.3095994844958
680.3921780724825
664.5498805187929
679.9758322453755
669.0776253688598
675.3347701516406
673.2908865615633
671.3653860368896
671.1580348916381
665.0743957739309
674.9165607611013
662.669757100922
673.3186786672902
660.2644370208562
672.9407230956391
661.3047435635201
668.3423365014778
661.588214781754
667.0642440855914
662.2490699408978
662.045245156918
659.2417252722844
657.7464640261828
666.6182590632839
654.1152808313313
672.881873376165
655.1422356438293
675.5445614474046
656.5329720840922
669.153169908024
656.4518474087234
663.2882557661651
661.1495521915745
659.7110353639749
663.0491678389999
658.5939521912501
665.3487851075984
656.409407330428
668.4947704334883
658.2761782494506
672.4309972460995
663.9881751096457
672.0531279100164
664.0267142374149
667.9932414923194
670.418087576302
666.2260047358327
673.8788010267199
664.6650802073893
674.6493648355114
661.6632389549832
674.3450971290561
664.3815846284624
673.8388401873751
663.886765244557
671.0214735058075
664.7154936759791
668.0026518076063
668.1606139230275
664.5922339215238
672.7064463920731
666.2905222815677
675.3035511155903
663.9135209963699
673.2864970677153
666.1794205825264
674.0144553145232
666.8425688356783
673.8766778867573
671.7778511581736
673.4474351209637
674.7558294664151
669.5228829800444
673.0406945539039
666.3969258132137
676.489116962383
665.2015170256901
674.0497980372927
665.597823028691
677.021423334438
668.7010047551881
674.7452191820493
670.3098501713091
672.4624738410383
671.8655993227533
668.1078554514307
677.3269588983621
668.9847911650465
679.4535172959132
666.5869857046439
678.5149220832685
666.1351160123183
674.5331123201051
667.6475602462419
677.4908765139522
669.0058771890923
675.0184734013028
673.9850102339469
672.0173114306593
676.9219005838681
671.2225773563123
677.4779387344204
665.5196959587855
680.1266517854012
665.3642845514477
680.1236286544023
668.5779708336133
675.7797418057473
670.4009377846862
671.9619278816208
673.7684019206584
670.8385471764192
674.4391316493613
663.3711742801304
672.4170443599355
660.2488428663636
672.1219542622808
658.1505320110955
669.2739778973628
659.9993174604888
669.4814269037628
663.2146757266175
666.6590707191336
665.9421357363061
665.6949953684971
667.3851303027344
661.3285241374326
666.9306240682183
657.8443700320983
667.4230946361359
657.8483066241103
667.9642694949617
661.49392231146
669.0558631593112
664.1379763676697
666.3484021094552
669.3983934869657
664.8663462202509
672.2474758393872
660.3053437503877
669.99345534708
661.0037983377522
673.2391893856606
665.3434441577415
673.4607537095762
666.3936685094502
672.339361078694
669.1033231258241
667.7768791184515
669.5462234178029
665.6016322808189
671.0868924839248
662.7175611116625
669.0498772479842
663.2058681287675
669.8022465207177
663.1855851223298
670.2941356820901
663.4704479736599
668.9376315791872
667.0863751268552
668.7096858436779
667.1127390179719
665.1154135093643
671.753388784829
660.31312005568
672.4197518947213
658.3456279625661
672.1127758267512
660.1487091461948
674.1383796612336
663.8200514243952
671.8234387689569
665.8130978026845
670.2260276125993
669.4990696590102
667.9922800629079
667.6893908735725
664.3904539583117
672.3175145133889
664.1586044421917
678.1789805019971
663.2512112228603
675.7672609530623
663.5731259676485
674.7413078507626
665.1101910179798
669.6394149780698
666.0221792629619
669.2798435083176
668.9872197386295
667.2502837827705
676.1474282302664
665.5826083137135
675.3859122056413
662.0304672115051
676.5743262890936
665.2525080108007
676.3058341354293
664.8591757948213
671.1063850006424
667.0672034154741
665.2265980555185
669.2322720961637
665.1787357619611
672.4456854016065
663.9564034891664
670.0697660969373
664.810572281152
672.4034917728834
666.9206708690906
673.5075029507693
673.0640952835137
673.1061092999088
673.3048048437217
671.3951250273365
673.6889409837086
668.4497591269993
673.9303481698039
665.9752949476243
671.2367716919595
664.2564423138657
670.8033566707671
666.9431075072587
671.0654859908581
667.1824612632971
671.7131412010269
669.087596560593
666.3028944748974
671.2328802499679
665.9079441493645
673.6886821336996
667.7568666785907
678.1412017211438
667.8066306501319
674.5863638937336
668.4109511908405
674.9205322305379
670.7469267494394
673.2026766307222
670.2046000388551
668.4312397487798
671.2464885484676
665.0637327432661
671.3079374797434
662.4910922462851
675.8681997672619
666.4576685327854
675.9366821385415
665.7003655708384
674.6877816133376
668.9356169804429
674.0306534891248
671.7262163425966
668.818023380181
672.9550941982443
665.520896260546
671.0923171183119
661.056904313341
671.3994318032361
660.13875649629
668.579182179539
661.7957760227902
669.1446224105206
666.0543748229927
668.4215529769652
668.891571716955
666.0394375538841
669.0654851811643
661.7601751885571
669.077645492704
659.3836595765314
669.7764133680012
662.32991939071
671.8288680260453
665.476506470667
669.5214543658335
669.0038963184343
670.4580692201716
671.120061915067
666.1951571735302
668.6259370676331
657.8930530033815
664.8709064413069
654.1497198960554
667.194768527981
655.841026884349
665.8196898682896
659.8517190814817
666.9372837842756
660.9362125415038
662.9331235782688
660.8076606117952
662.2626607246312
667.8181901109162
663.4299460535972
669.6335716132588
662.7795172690019
672.445070743178
661.4737501104113
669.6561246662231
660.6661983592335
667.3103688432392
663.2045524692766
668.2612559611767
666.3239916761403
668.5640078544668
672.0830278972512
665.9341512269871
672.9118327234299
665.6634084638575
676.9523864795514
668.6716907375511
680.3295768980544
670.5357062378938
680.9362765918785
671.4520473132286
680.639894808815
675.08132119117
677.3851758651766
681.0507502262892
674.5078945017452
685.0135648053254
670.1390784850037
686.7619430902016
669.9137844077635
683.4008481564925
669.1467944842499
679.3849448649104
669.7438315520526
674.9888309541077
673.2270876866003
670.0540718755634
677.3025550310914
668.7976132246459
681.6138770500643
667.5698347308615
680.628930782046
668.0391704749379
681.0232176382858
670.1660649059817
680.7159330353101
675.1486885122386
674.5117159529166
675.502326175007
672.3830958347868
678.0173278227132
666.3272080493517
676.8772693774479
663.8535632457292
676.9673783375525
663.8008492312886
677.6641819538895
667.750241471177
675.9413564245413
671.1362959357425
673.1348791888548
676.4274827744129
670.4208032126651
677.2352534684218
664.4324615819428
675.4235221077314
660.9171893306512
671.5822009374748
657.1093733689725
668.5120580695369
657.4298992562799
665.8021448128532
660.4165221636977
666.6154027147777
664.6824723523978
664.6233382430563
666.4013159345266
661.7956771766534
665.6525611889817
658.8508303913193
665.7168009107173
657.4066098829283
664.4750455232992
655.4788946110415
663.2285204399478
654.063018008894
663.5279997405137
656.381116291676
658.7815658193906
657.8823586191548
656.1368360759069
658.1569735987264
652.708648309059
659.1806382516827
649.9868831545353
659.4007546592677
650.306117481625
656.8179042144191
649.1484753526624
653.3629221712878
649.079153340495
647.7820490147908
649.499216158952
646.6689528717206
650.6405360509132
642.9280625826856
647.7525522166093
642.8713715178523
648.7616326583124
641.0105183934028
648.990643801468
641.5407035660097
648.6934739666301
643.4054753947029
647.1392305209941
646.4901242711582
644.5712559584138
646.1987656248854
643.7492837681606
648.753638419558
645.2932597482792
650.2680519821146
646.9186474296552
653.414932345255
647.0731936296978
651.3262279658048
649.0745621493684
649.9258937201917
645.5996165293193
646.4169673241126
646.5594946934006
644.5567210855676
647.6844117932229
643.3783799740366
648.249084545342
641.9315563016098
650.4414781201274
646.576542145503
653.616127729705
649.4933930676691
652.8613368287148
649.8138796703557
650.547235351314
652.4573619903206
646.4284721251854
652.1883232486172
645.553869669529
652.8517018624966
644.7983357955221
649.8007259066407
645.2949424223699
651.2591707302626
649.1337442981489
648.8158730261366
650.0264858037876
648.2345196541996
652.768570863059
646.2380759437274
649.3651154606805
644.6161237081071
652.5732061867783
647.5249275846263
656.0163297665209
649.4299919676837
652.8671266041441
652.8272752485611
654.5365290161383
657.841405277498
653.1667743363124
655.9702788898321
652.8029836325803
659.7594544173901
652.2274116921395
659.1707666682935
655.3084743841634
659.8593411300358
652.8765329776171
658.9936261441675
655.1069233865962
654.2888491072437
655.7634701179594
652.0845307102211
655.8481535746971
649.3341735901249
654.6592483200104
650.3510918641658
657.6981931260804
650.3052149523456
655.829337810319
651.3620609910204
655.0431910001168
650.8789980590496
651.7749961821199
650.2018256963066
647.1290108724849
647.4009378207851
642.1208620168564
647.4014272569495
640.2154003253338
646.8075544154729
640.3934866108282
646.4795874514517
640.0193512754863
643.8245073893611
640.222586050558
641.4930950508881
643.4610547733494
639.762514568395
641.5201992674668
636.8958361907991
641.8417783103954
634.9740291861849
640.8562733973284
634.079637237236
639.0590256721065
633.3726255206489
636.5753559067049
633.506912117895
632.9634445443219
631.7771499853453
628.056725449313
631.2598912252921
628.1741637730647
632.819714748513
625.8027361305716
632.2091334226157
626.0483305898705
633.8801728150454
627.6438375318075
631.4143557362944
630.327084093706
631.7759813915159
631.9920887502211
629.8615291445077
631.76948568977
627.0944299872127
630.6339543449624
624.3672952618658
629.8449304916222
623.8681137191322
629.6109553966796
622.9563734497725
627.6325432433451
622.8270091821844
627.215333708389
626.3337864447759
622.4597555597442
622.786064563561
620.8594631637534
624.7352529870058
618.1569901447727
623.9456682558883
617.0004558139226
622.0955775066915
615.9879071693007
620.3686526497552
617.9119018184728
620.7642294312035
621.282654464695
620.4246926227671
621.4885985360994
618.7557942034841
624.5007478341165
619.0923257836255
624.1484558349937
619.2337663037972
623.731485034074
618.5587251571218
621.7280963540865
618.9150959001358
620.1491380841419
621.1829971818801
619.5431543292408
621.1429696559328
616.6775834081158
619.4227987471974
614.9521635868523
620.0237401153989
614.6546325297768
619.0296482882812
614.1278874562911
619.777401911995
616.7893405356
616.9112206338906
616.1196194348756
612.4125889766843
614.323654806534
612.0542087669339
614.5184076300794
612.2050400346952
618.4976180502355
613.2920863234608
617.911983841494
614.1385367286048
616.04396711579
615.4862132240175
615.8629004239126
618.2466858639053
614.9200507903593
618.8307879403987
614.6999145435692
622.1417337314123
616.3639504601566
621.5567355228638
616.3636959259597
619.9500916950795
617.0637758950049
619.061891332177
621.5878427521562
617.0063455661228
621.2763122507935
616.6260925730442
622.0740080810278
617.5385526410543
624.265173654398
618.2086797691152
622.3988678392722
619.4311108660042
623.734226643585
620.7706335160367
621.1398336184957
620.9067698115899
618.1092691326695
622.2467682589063
614.5329090170486
616.0340439743223
608.5844353521381
612.5614486022542
608.5375615222215
613.1237104535644
612.60285851677
614.1448816193484
616.698515892168
614.6042398159301
618.7330248678666
610.6667372856817
617.1658867376984
606.1662024248735
610.4944950175932
606.6307325758066
609.7368275995262
610.0522786809787
610.2380528379126
611.2705546759245
606.8324891695847
613.225919636854
606.4780379264706
615.3018994494238
602.5316387286979
613.800868376959
602.0849369076933
608.9811143334075
602.4906037093308
604.9443664639484
605.7795746481523
600.5019441100696
607.2635858121828
597.5891357363786
608.4937470546574
596.8813284448246
608.9067029911002
598.9560500212746
608.4839769087511
599.7925491972293
604.8389719219623
601.6173803870131
604.3110832132264
603.0216649486714
603.6571046074122
605.3894948141099
600.4734466206645
606.1454982295904
597.2697882987487
606.6737903151719
596.8768253254018
605.30040774068
596.4130807319923
602.808958770014
598.0492635671455
599.2463892595645
601.1920145493864
598.9694744909739
604.5438695001623
600.6626740402875
606.8622739461796
597.8789958429838
607.329196278537
596.3398754824542
605.8624026197982
597.1207465834423
600.8613332192085
598.5315482840208
599.3024322969054
598.6102243481947
596.9576067742079
602.9975402530143
596.0935491081145
603.1206006730129
593.476449169659
602.6560796921638
593.5522841250119
600.1610153547468
594.1406766540827
597.0523641518375
594.425382515391
596.4064757374973
594.7740139396375
595.8588539876985
597.956051808042
593.7963372745014
598.3905985303868
595.8634679790125
600.3107872573086
598.0892344131698
602.0999569308891
598.515352683677
601.9845112246151
599.663197295861
603.9679578869127
600.0157234924451
599.9705541184069
598.457747699399
599.3823166238832
600.5895104619705
600.0868265253299
599.3198248994295
600.458451273859
600.6644404357177
598.8908396768813
600.0826355965404
598.7852337288821
599.3353240091708
599.8424610861535
599.6455464741939
599.5189544284201
599.8278560594515
601.4096587903857
601.9146563323894
604.6441411793049
605.1237588864134
606.5589784770065
604.9672266472688
602.1522864982563
604.0239258159359
603.7797442482106
605.8283475997831
605.8724483113892
607.1179188757746
607.5151872740713
605.5683064033024
606.3903726220992
605.4972405943264
606.4086762295324
601.6469633449917
602.274605418534
599.1152813730416
601.1814052897083
601.7239420916043
602.9491126800797
603.1639293435485
603.6932471711341
604.5951733204962
604.315465206088
607.5863608094215
604.1599122081554
607.6694636305045
606.7134738730382
607.5005876612632
605.7825145122737
607.0525508139747
603.9142007778097
604.9253036074194
605.1931264241088
607.2411596096728
607.7704929046274
606.5354322789685
607.625118379794
604.2723097127391
606.7987376384017
605.0940168418242
607.5959254865429
602.8337262042285
604.1148389168915
603.0662693635879
606.4980055231626
605.8880802122416
607.4211972799073
604.7091158369891
607.2691798038998
608.5755751866117
605.9929466061088
609.8510000000545
605.8759032079096
610.6558048846256
607.4221219159825
607.3097353688663
605.1627961237099
603.5988785966435
605.0722247865473
602.3790492682131
605.6239534853636
601.9043284882182
609.9772119274818
602.4782868800974
608.8079113065394
601.5950903624652
603.5178406324308
600.0242204312847
601.6798532977857
602.0887172210232
601.9859683378053
601.7288802846085
602.9408691635107
606.642972542756
603.6944605056844
605.3917594932332
601.3487576503742
605.4053083911457
600.1016741755147
604.6269887686766
599.3251684971933
603.343997853892
600.0874288235457
601.153948881518
599.2417785102989
601.5146651921042
601.7571407657241
600.1890886431808
603.0511953936908
601.8284914118398
604.8163174475478
602.1182638507548
607.5258506181127
601.7426506935798
605.227287011083
606.5845079786419
604.2771142845505
608.0869628092097
605.7142524835808
610.025237239195
605.9592749901601
610.7006137474712
606.4072976794446
610.5684201156037
605.9584921822508
610.3273566394888
607.1312760590899
607.9047720538125
608.3272849530658
605.7837951749099
607.8242215602356
603.9295707593557
606.5061737746794
601.1636132021985
607.6175091147525
601.353332752345
604.8082095785785
602.865918257119
604.2514525871056
601.5273220846774
605.5023556665608
604.3488009735296
605.6297038504474
604.0373540519254
605.0404502804388
605.1264133876474
603.1392362262189
605.467794844751
604.8778061352947
608.491751429483
606.4134608502376
607.8966076781023
605.7770346691628
609.3447309537385
605.9333911706779
609.3419390118028
607.9378988822212
609.177745245924
607.6089510756484
606.4308720977454
608.5414043827572
606.1696470038441
606.430950253411
605.1572688539383
607.4337542743783
604.3892808469839
606.5919427286743
603.5356523328861
606.3493115001924
604.5071782966401
605.9447773884392
605.4867737895607
606.3284594705988
609.4781444916207
610.2018332680772
612.4542978372651
610.4741487185473
610.3434184547879
606.7216792724283
607.6572845554019
603.8076615893257
606.1030769483672
604.4132228873217
606.3810620768154
606.5777916836689
606.3869390193378
607.3659057655373
606.1353306241925
607.0511910078402
603.5277577936474
601.7221713562172
596.7992787241786
596.8060717154704
596.9334580342176
597.9810891499238
597.1827487051054
598.1625588834826
598.1737014775304
598.7796421440142
601.0990205994262
598.8467119070714
599.5465578040046
594.6514631454629
594.96237681801
589.2938935216116
589.7411114421379
586.6518020148591
589.087591668172
588.983400822615
589.4495232953674
590.0479061244113
588.8850106357329
593.1136883835144
592.4264283980303
596.222835174754
592.3020092575856
592.8294280287555
589.1087671364882
590.9877211225079
588.907788658578
590.6044544015084
590.9934430996416
590.8996275930568
591.5462246781475
590.1058863115197
591.7734936484068
590.9015077979434
594.4559872698474
590.6571290411313
589.8383833120448
584.5030925911408
586.1694865917168
584.2466134319409
586.0738528753246
585.5962065470914
585.5210462756353
587.9605048225783
586.2429560800916
588.460106471192
586.7170633200818
589.9760625185427
587.4202991813843
587.872550087817
583.5848082477834
585.688131449926
