nan
1446.2963256962034
1039.4613030219084
1450.378603687612
657.0002313519567
1679.5913677072306
662.9663247269966
1778.92038199937
725.0201685752162
996.1596166816162
782.4541298000445
985.3880613801816
820.2171837108747
924.2895007564287
1238.109832446849
895.7466288204171
1042.95172056447
861.8027813557553
1940.6717103790609
861.1935611719268
737.2200518314611
867.727800843393
830.5908793804045
873.1729608709215
877.4311429464055
877.6411596499364
884.0836492812118
879.4416803353297
882.2937475053017
859.6360493326988
863.2630193747555
751.2914416852884
864.2120580667902
718.0670825210839
870.1801531879628
803.1391592515301
873.0473268663959
851.9915654462582
872.8042947184501
872.9030154168702
868.6637367952947
881.1787395397243
832.5786453879854
824.5499636870902
762.6330909646136
814.403881716313
754.7352092967682
821.6842551703841
803.7457776747576
821.2097303092685
844.0261562164544
830.0031340017747
866.3040619240397
827.2178232003231
803.7518394669851
833.0810278390628
777.4610059249779
788.2099176530082
772.5121141308864
782.413126404338
769.8539909997869
811.5017809232035
784.2626459650079
839.6122308167991
786.8703939560023
815.1468824115939
804.2769017741638
784.4603545361736
793.1868248622296
747.0432664395404
797.031591021512
737.7275952313728
792.1319084677135
742.460866082911
812.1182424079054
753.3139106373192
809.8045536150579
759.9201223194544
787.9245503876904
765.8705960676796
762.298942873064
780.4584615867932
738.4982183309647
807.5535484688718
735.958139009685
804.6350491210909
739.9253914081581
801.7903260244688
750.0465394702667
793.1522885168009
761.7557830823823
773.3577566698841
762.3534521953096
759.561434544467
759.4607023637693
734.0218369597429
783.9493776854605
727.2749443666211
790.9599305812596
729.8947617265642
789.9638475316576
738.8399626919928
784.8470458756055
743.2072288766097
766.2484331549181
754.2692569625261
756.8052152521267
764.307345980477
738.7769199868104
780.5414765623553
728.819828310152
786.258224542676
734.813884533884
806.0710984489535
742.5996002282264
782.8213676131038
759.5405236782537
770.9472060786125
778.7375849577053
756.9282598759406
787.8971219314208
741.2695619356115
797.8849079996778
732.7155264382428
793.7378875022564
729.5256842337426
769.4152361747683
730.612867557981
747.9924697000893
733.6508432256917
742.857498055102
739.0859438352988
733.3017381316118
749.551439515863
722.5017466613315
749.6878424488152
718.0350676931291
744.52986304487
716.440806101383
738.2973601384891
717.2296011734129
727.5285886710018
718.9989121540606
718.2596084663137
720.9960966427261
716.7141103690984
726.8213542104422
709.1509748838079
720.3878192074457
706.5071274129962
718.8252696833752
704.8222421039578
716.7097377218648
705.4182609364116
712.9302623977587
706.0988562063794
708.3270783019398
707.5213448003727
708.4287866449641
711.3161036547452
696.4711446309642
708.3405243699693
696.0923480571188
706.4849472153809
694.9940893200096
704.0547397540046
694.9136047397197
700.4170025324825
695.7793420820736
696.5080181821997
697.2296771549142
697.2897048750923
701.1050127313375
692.4459189201916
704.3578779736513
695.1160672473742
703.0845945233086
693.5623852804084
701.0290711840045
693.4384342198931
698.1957018283088
694.0637293371371
695.0095157711075
695.2644016103118
696.4166247052539
698.3398348519922
687.9008826668781
696.2531082744063
689.6994104613348
696.6275083160851
688.8878881900574
695.0504812426436
688.8090915328894
692.7069775762245
689.3618883764747
690.0728575299024
690.350389114831
691.6266470804268
692.8542743676412
685.8192553454422
693.7286100926285
691.3367759710076
697.1975179356992
690.841462130351
696.0141555817046
690.4613411852346
693.0251868384695
689.9403735608482
690.86872868622
689.9913587351201
690.7112994936302
694.1844487228282
688.560360113076
690.956646384204
684.2460512777989
688.0610932458043
682.9412524998415
688.7823183500983
684.6636210863459
688.6033361590677
684.0524351141462
687.3334442039624
682.5059109939548
683.551259084058
682.0989518668634
681.185240799267
677.622628945689
679.1947258953807
679.5156835048589
677.0906826301193
679.2444339269222
675.7182697344278
679.917310114501
675.5791609808505
678.3827506464297
673.6190620602918
679.2340309748079
677.6413178685377
677.9243948906851
679.4120978851844
678.470339549876
681.4742082672733
680.6192588321021
682.9438851730052
682.2277254662488
685.0500358510734
682.526686087118
682.9646847429143
680.1813846397949
680.1660365499683
677.3153102575226
678.2559937497028
680.0993973609583
682.1921315993736
685.4206331104124
683.7671357360509
683.690314312512
684.5942792911742
685.4463800270564
682.7699445076283
682.8915645436598
682.499029772593
685.7347884163005
683.350372557931
683.7772358871157
682.8864784178793
681.2110360315921
684.1641177042903
682.6000895988248
681.7231074212629
680.6481235340189
679.4791166902897
679.3157511129575
678.3557526229364
680.9082739441855
680.6661595892245
681.4704233839717
682.9200654546079
682.4777954728474
681.7313173945864
680.122784569315
681.8280061832368
684.8658745266162
683.5480341860496
683.4899134493055
686.922701104922
687.5235525765956
688.2902644574336
682.2816748728726
684.5481951294898
680.3441630291567
679.7115805083234
677.3268418657511
680.918106961137
679.3741009990564
678.6036332562431
680.0250405950954
679.049241727586
681.1886505302801
680.8480533905927
683.2575613925786
677.7626902049878
678.2463222864853
670.0508372598873
675.2068905203491
671.6214480196463
679.0246842805783
674.9408808354124
675.5339930554715
675.0539118082266
675.7477047951827
676.9109965525023
672.96349267617
679.688485946656
677.3310301562977
679.7490191414072
676.4286207140785
679.0452150838796
676.5207519042913
677.8717904037145
673.9698734555594
674.0861264594419
676.7964210324452
679.2029531312892
682.7903631434956
678.8935200974116
680.4045967867809
678.183168419096
682.1983111142754
678.3631540790379
680.9887005804053
676.8117562813425
681.3603336249711
678.6424706062422
678.1335684918454
677.1613193810459
676.8960372584385
678.4704546028523
674.1563643573911
675.8338669243853
673.2316182334279
677.1824397220036
669.2808915599348
671.6269324173622
672.2021051553246
675.5108490392263
672.4998385342507
671.8785458122114
671.9245358140856
671.3900872598679
677.8295869051651
671.9975838286417
678.7479629739939
672.9060741298971
678.7295995942437
670.5474187446766
676.1107918443646
670.0865589272048
671.6115598338348
671.7807122283319
670.1680878111373
670.9512641791024
669.2198839064852
673.5644010709897
673.9841975406936
673.9318248987245
672.3802135444457
673.1941644184485
671.4366837771511
669.2542329900147
671.254350097051
668.6218921133795
669.4753363568843
668.0898765414292
669.7955233653481
667.2358187776191
671.8630119445723
668.9808247851694
669.9259108577086
666.964972455417
667.6621395101185
665.4978713062017
665.9107940718549
665.8758418295156
667.8683071091949
665.0246123545992
664.3164827750903
669.0706284626992
665.2618675529685
668.6635689403225
664.085610393282
670.7995633282145
668.24762932498
672.4478074021425
664.4036086484778
666.9643312265156
664.4437833433038
665.8510216687846
663.1867687098345
661.534121151605
666.812520986258
664.8807232094027
671.9072242306784
669.1025132378384
674.7521824925035
667.5041620147606
671.8734129409237
670.1412007753433
671.7083754120604
667.699415617931
667.9857218182163
671.0038029015423
669.7006680513393
670.6572920960812
667.219544792596
670.1664003539391
667.1769122744092
670.7998925896433
668.8084258840049
671.9419578898326
662.5456795675569
663.9913301475333
662.1258616194922
662.0191194333207
662.96523620536
660.746358660439
664.1994015820194
660.8796295266391
663.9043180957418
659.5433717161357
662.7306636932832
657.9654407759508
660.4322014985999
656.3871146407504
658.4822294213106
657.4579653151364
659.0780239743085
660.8948683234145
660.8919927888082
662.6497202982158
658.5966469940992
661.4053153936346
656.9743071354492
662.7085622134401
657.8156753845966
659.0681001167917
657.5828818171499
660.8158785888945
658.5450571884124
660.5424153956413
660.5537528765323
657.8490789876967
663.5018083135035
659.4627235119535
663.225938592337
660.25951627361
666.7612763363419
662.8798109660855
666.5580781523292
662.4072512011426
665.8890919960951
662.9586072931147
662.167447902296
664.953023764074
664.5590635946934
667.9963181580805
664.1711044487802
670.0275995540139
667.4210462023088
670.9588604110797
665.7189586581637
668.1455429053859
664.6109041956084
663.0217614906894
659.6625065190556
662.9085742228351
661.7730399247579
661.7671336918054
661.9105404164695
661.0672133630205
662.6236701246098
659.5965476866371
664.8070947572795
662.5487277854194
663.5154270286513
658.4755027025328
661.6001115702377
660.4432144342377
660.0233369834866
659.1940312898289
658.4629284412273
659.1403548513643
656.1970388109444
658.1434117269218
657.2213783298884
662.0806443715887
659.2511150106704
662.9569449496454
660.4268945245607
662.1291256877632
661.009255424445
662.8983323188903
661.9284055198319
660.0555567360007
664.1686028791345
662.3899057234812
664.3338162659277
662.34935445728
664.969160297583
660.3652895703456
663.2945897508316
660.9021673465211
660.8930427645666
657.5529028165777
656.9744323049607
658.214944633962
655.8604593781579
657.6016982299274
653.7917376712214
656.3523802374593
651.8717049825567
654.199603234086
651.6592668391177
655.6141148190809
651.5676423888186
653.3024765619457
651.8136853413151
654.3182443303564
654.7029362262533
653.3865209479419
656.3050759213061
654.0249221033607
656.9444070280869
656.2384057797395
660.8445963394788
659.5662844410189
661.4071974136278
655.9032542093448
657.1102365184854
657.7346301810455
657.5321646235269
657.2991886330021
656.3282060506217
657.3562800778963
657.0159722053729
661.1801778399474
658.8460231046759
663.6360273990874
659.9639997964183
660.741792013592
657.2207079794808
655.9009623674025
655.6822288578311
658.572744212881
658.0263819843362
656.7803349679809
659.231099574364
660.6140522373379
664.70030432618
664.9116874077852
669.1027266747334
667.0967236160899
665.8931288956894
661.461848355323
659.5928059545816
659.9414868353588
662.734492628303
661.6735057755789
661.3328619142096
663.3247604130961
662.843831727306
667.1650113212947
665.0646065785992
666.5474931916407
665.7887588759593
665.2897388883375
660.7955556979841
661.4974268311282
660.4892720634964
661.448971828989
660.7368188448647
660.610492340578
661.2065701644373
659.9874635994261
661.7617029473876
659.6293735245911
662.258047414952
661.1158440256074
664.6844184923459
661.0068338672318
662.1791661652287
659.8986845105663
661.4832717026591
659.9155331142584
660.7973684705207
660.1726574286209
660.127974322757
660.5815796035804
659.557064480836
661.0449104398627
659.1787011930046
659.0625919424562
654.796093176036
655.7864210511365
653.7489833419193
655.1940611068463
653.9824321018165
654.556602352232
654.3990229984429
653.8976849938853
654.9015607352065
653.3127762007073
655.3645625081897
655.4194833442525
659.4585357535938
655.5917103786284
657.0226828735285
655.0859986574217
656.7428979145453
655.6406435054904
656.103536260702
656.0536606224426
655.4646419033419
656.5443611748346
654.9202793035577
656.9965514791036
654.5262173150334
655.2686991444184
651.8395119422403
655.3063539638638
653.322410975582
654.7774429185786
653.3255407873916
654.2193763777885
653.5071525721881
653.6977048903937
653.8988289782252
653.6919748233071
654.301734445808
653.3111859056169
653.2264853483483
650.3631339108267
652.7317799651278
650.8604105647545
652.2579125201235
650.8447989801485
651.7495109330678
650.9996215998905
651.2066126333791
651.287985027055
650.712097777984
651.6396168242647
650.2442968289282
650.8164453486901
647.4366127522155
648.6262692677121
646.8201819818246
648.1775633521078
646.8076812041895
647.6857284781813
646.9574794953802
647.1581166339693
647.2337131106123
646.8403892961943
647.5721352750885
649.2060753755661
651.6130982454696
647.6895932089519
649.5487631256832
650.1314931218621
649.9924185216065
649.623047360673
650.047280512794
648.9642538007481
651.1500976030862
649.0556276569287
651.5469044839223
648.0317735131309
652.907939302043
649.1567944267534
648.377287821959
647.1639182529326
648.5948581144066
648.1783048352399
647.5500510837053
648.0650339035394
647.3666522349632
648.5613145136055
649.8471240938982
650.6009557148648
647.8949591935449
649.1774148169486
647.0510293336513
650.1150059403493
648.4249776659408
649.0608819957863
647.8419334621669
646.7305633955137
646.8337871823666
647.2077085247681
647.2590517965176
646.9111762635141
648.6075851880952
649.0159882841585
648.8506302816443
647.1057562499152
644.8362120910565
647.0630096474407
645.4497076861434
648.2886415696107
648.596301876265
650.9385697309746
651.9945462318802
652.6294142140283
651.3738170643376
650.6908564735115
651.9007595020615
653.1544092727514
654.3716132842326
650.0720645742401
647.6673476269942
647.2544385702417
646.9189971699857
646.2756271556646
648.4629829711874
647.5054727832675
649.3583438167649
649.4354798455264
648.2361501990376
650.4830963522372
648.8331494462999
649.7670141084964
649.97285734767
649.5926091427925
650.4290148462122
652.7688117330713
653.0875697926283
656.1693298426387
655.5000503614515
657.6559987278956
655.8304032006358
656.0520445165878
655.8048727245201
655.426420282535
656.8347173444863
652.1804865413006
653.734050974582
655.0194375267755
653.9471490443639
654.0534649733854
654.8435897202867
655.171229854952
655.3214618261511
655.1813161185942
655.5667134200825
655.0365345572343
654.8307605162233
653.8603837620386
651.8775538401218
650.8269660272706
648.3260029958175
648.868680706838
647.325370132888
647.8411996863749
646.7473976997321
648.6286734559762
646.3986507144008
647.1811241129934
645.9919457638342
644.7845082635147
645.9870689578535
646.039404714042
647.2815236817033
649.0101305333213
647.0367103622758
649.9364549439097
648.2256720637033
649.6925629099767
647.526982512542
649.0316995344301
646.2746308147578
650.1334932806199
649.414142962351
649.8356347274955
648.5702097180375
647.506258439192
649.2223232371637
647.7106215026613
648.160002599496
646.5069162549647
647.7097407695934
646.160776714331
649.3596060869962
647.5396228696154
651.7046755379314
647.7976443703973
650.0844973971017
646.5718230460377
647.7696327841254
647.0650843132812
646.0357879631084
647.7076006650508
644.2852661515487
649.0564739821382
645.2452424236809
649.6384216209336
644.4123212579517
648.06517137138
645.3420321933098
649.1519180315988
647.9221754902042
648.9781546705611
649.5110877633246
649.3183150291944
652.6704907740249
651.2527670092395
655.5989559651437
651.1907417064848
655.0121572445425
650.1319056099017
653.6449527806466
651.2241679413282
654.864363574629
653.9313443903139
655.1464566142647
656.6496151035097
656.9472791156014
658.359401090867
656.612265095982
659.4702765661449
656.0382762658695
659.0300714113795
656.3804948156634
658.1450435979369
656.5410749354353
655.9879013101419
655.744613458591
657.4240221484592
655.6994453090128
656.2878425299755
656.444363885404
659.3547180330529
658.3258356622331
658.5398364183465
659.807651207258
660.0593934751587
660.7808998126986
658.2327963824476
659.4296830074182
656.1088318854813
655.8459408526936
657.1262122018586
657.4260081668821
660.9339709699285
658.0215966907004
660.895879809898
656.8359652973282
661.9254267569589
659.0330333083475
662.1133763111646
658.2527252163376
660.2885085011582
657.5485792985337
659.2912915916409
658.4489870938202
656.293982668348
657.7874614027475
656.1255268455996
659.8961992415705
655.4827147678061
659.5426235902107
655.6211225715094
659.3026413901853
656.6300818518796
657.5808906037506
653.8837604560471
653.6545168705999
651.675055769425
649.5588359738283
650.7215808424219
649.7206064565181
651.9867686305709
648.0660470798899
652.6719205249244
648.4922902369086
652.5825168026543
649.218704960148
650.9456630333037
649.6465456925563
652.2182889101589
653.3430549162675
651.4724349758593
652.9026251349916
649.6137957960796
654.3850729472585
649.3221333947283
655.2534424888158
651.6966012476736
657.5105375274401
653.224151889735
654.3382384171814
652.5024571061513
651.3356575726176
653.2505980408093
650.2114884548864
654.503686403433
652.5924393799723
655.7902397853651
651.6598938809224
655.168120187348
651.3534180828295
655.5660607054664
652.7814060867646
653.4777772411527
653.3886539158689
650.7143626133748
652.1580331439459
650.0757296846448
652.3994067322358
648.3642245808026
653.1187799715967
649.656945889567
654.4447443777011
652.4358307600854
655.9101341929579
652.143071670696
652.1814232958594
653.1330222626601
652.3978507981075
653.8532516670143
650.8232379753342
654.8979194138615
652.784357447354
656.7702368556832
653.7489682720185
658.5764047464569
654.9204270681566
656.3648302422598
655.1650249953165
654.781526821696
655.8004663038988
654.715827712203
657.1236855836254
654.4307326563411
656.6385273089209
654.7842077225953
659.1557415630155
655.2453181173262
659.4110623412737
657.1506607202689
661.1456541658617
658.3711657968045
659.937793682914
658.108910197975
656.2537937744942
656.2301635902962
655.5776639825149
658.6292049976827
654.9962321680205
658.944473886612
655.2070316708925
658.5128967243762
655.5947276738418
658.0495117724047
655.1634264400285
657.231405754707
655.5727541824548
655.5407366177976
656.0621521071747
653.4031437604851
655.7444664779189
652.4478660432312
655.7515982797997
654.0303365473054
658.2446262156886
657.4325777896325
659.0097272438538
657.4155616598018
657.2896413331717
657.6814052742241
656.281942876436
658.2623142370811
654.4405239116638
657.3201654794394
653.9257070447476
657.1532647925668
654.0140457554096
658.2123854835006
655.8838225813959
657.0556955841323
657.3540075056516
655.6723128005303
653.219645105184
651.3067310434043
653.6327314296136
650.9481362839597
653.6082594390537
650.4987780747429
653.8182806253886
650.7081092134118
654.0904430317316
650.7622921992656
654.5927552649613
650.9462218590776
654.1265806800329
652.4292235630654
653.4060845478099
654.3799521337191
652.3904180221965
654.1954137133212
650.937669892505
654.2543716589528
650.2409831873149
654.1726829320162
650.214501075985
653.5812880338453
652.0821770409084
654.4732668395535
652.1529791956902
653.0458736915531
654.2238850277647
651.9602263658693
654.0561893363413
650.665753345289
654.0603721670319
650.1592627600611
653.9811614518417
650.0853413755375
653.3671448261072
651.9764557534602
654.1673908481472
651.5418148347118
652.3624313855605
653.6118445498823
651.3134417498591
653.4887989928153
650.0959370620208
653.6378107418095
649.7192802340633
653.4759329459763
650.2105611180685
652.941023638256
652.0998514660076
653.9927483172733
652.3823326923396
652.5460550096512
652.6178400894778
650.169136030621
652.4749780534829
649.0605470594572
652.5643346277332
648.7412310691722
652.463441858763
649.2777836843596
651.6952097315818
650.7827276666126
652.5640639000037
651.4268381729262
651.2249520630985
653.2345250758468
650.6827407376704
653.123300117898
649.6391432850032
653.1576535808989
649.3681625177791
653.1193953110538
649.5561617686608
652.6097904544059
651.2062735769892
653.4082395295522
650.89956564888
650.657242847361
653.0357453182596
650.5860217908213
653.1382224017955
649.7497259718924
653.4691604598816
649.8371079227708
653.5341935232811
650.2984490509683
653.2299911249628
652.1755404825972
653.437072886835
651.0122042840892
651.3122615503389
651.8246705333005
649.1693881762809
651.640394032059
648.1930127311937
651.7500659544806
647.8603586918492
651.6901373268354
648.1628411716085
651.1476498532453
650.1847139932333
652.2498527694283
648.7580107209518
647.710803577472
650.1361913571332
647.6558397333179
650.4137053932429
647.8101920921366
651.3801738744047
647.5123351177905
651.8672445090954
647.9194269000337
651.4286857967169
649.6885659839832
652.6724422790677
650.1819487412453
650.831028708274
650.9089183900631
648.4963708811696
652.454997554035
650.6421791831792
655.2569621792318
651.2527316533689
655.1448176309967
651.1813014903901
656.0338540693299
654.1077503911189
656.887944274505
654.4427771191728
654.2750580231171
656.1298873787337
655.8724179310616
659.6155348154773
657.8711814833682
661.1670591702355
657.3360469452464
661.4102315831524
657.528977958804
661.2744505279667
659.2064307815249
661.6417247125673
657.6609412545039
656.2402955769334
657.6899963339916
655.63581296907
657.5811230312903
654.310424024822
657.7223695914397
654.5347144714001
658.8996502156442
654.6792090392655
658.1281125256149
656.1495395211864
657.9507678531195
653.1923021727512
653.1880779275523
652.6048636991823
652.6944365723282
656.3436207713195
654.6711564255735
658.06524720564
654.0058326893632
658.0788233853768
653.9004069763897
657.6411691878559
654.960524572026
657.83286456733
654.9793829600563
654.9247059494032
656.0516723693902
654.1790704370615
656.0087084444186
652.724161546656
657.0146172197543
652.9205565435471
656.9189251478089
652.7466919213911
656.1666012421015
653.9735124595659
654.9667661783479
650.518558883962
649.7837285571219
649.1615086028019
647.1533677481808
649.1907353700849
647.1456874384146
650.7386649598437
646.3511370634151
650.8864351317179
646.3002010044721
650.2719260214279
647.1583126011777
649.5464254190372
645.6466669827563
645.3814375500217
646.101518762325
646.1560820802878
649.8843078914233
647.4228700350956
651.3071822651809
647.7584690566661
652.1692402877289
647.4624186715038
651.5521199088544
647.4340259566218
651.0295321701833
646.8310568766146
646.259417542304
645.1635552642385
645.8484428385916
649.0838279223937
647.4729112310212
651.0513680147865
646.3495052796036
651.1497923785317
645.8453072963449
650.7277485102092
647.2366027437628
650.2150724894894
646.1671856599125
647.7855269058006
648.6471469967597
649.0180939943692
652.4003563760801
650.7890201323886
654.2113268744115
649.7537417524095
654.237761064229
649.4031511100965
653.6796283334656
650.7699129259723
654.3715222580953
651.4132072111544
652.5890257366525
653.5661586144747
653.7593637953308
657.1340949465521
654.0404315455391
657.3345145894416
653.9609409730615
658.5912354317784
653.8545731057468
658.0700126613182
655.1853379591474
658.4831100457367
655.1491165794557
656.6719437141273
657.6653765952223
656.1220404063826
657.597002860769
654.3725219779706
658.2965647767294
654.3303762195939
658.5672041323106
654.0635490792827
658.2192750110171
655.4304570791484
658.3337153322484
653.6795198116422
655.1212438786412
656.0454711168738
654.3736653829753
655.920480909637
653.1070039846331
657.7661507641585
653.0055755673156
658.0213844508716
652.646660900861
657.6701055463249
653.7750059833332
658.3864948785139
653.9820247440555
656.6406114896978
654.5390651496751
655.8680887676569
658.6624213777111
657.503226118838
661.9909891753819
658.5508236687546
663.8079212982079
658.3341338286831
663.5349935936842
659.5711239738652
664.3706481049436
658.2174578453725
659.4653786315204
657.0206547532708
658.5251699927301
659.1331455657536
656.2158027969762
659.4628191092356
655.6728876315967
661.0963857343177
655.3959505373805
660.8270860160585
656.5068862392567
661.8189330609358
657.8065039641015
660.8265699209963
658.4734722173548
657.8402414351375
660.3910686771183
657.5289599731656
660.7283664661817
656.9852922270223
662.0029569602366
656.3413157422308
661.7174843272405
657.4467050339698
662.7083167296706
656.3601723636084
658.8375827338947
656.4476902412372
657.7294699123097
658.6221630718157
655.8527448261722
659.235499537283
654.803317956194
659.9241125364034
654.563465902634
659.9361999009125
654.394401799369
659.1815502814841
654.1161444015021
656.3725807548282
654.0766443618234
653.3622370291748
656.1749521995949
653.5094338763507
656.9147989374504
652.6171211375134
657.5139733077904
652.2863949444816
657.5738731612929
653.4101418581223
657.6199658031105
652.3507250291868
654.4631938590302
653.5771902304917
652.9379032574618
653.8431819340877
651.2679122491679
654.7226841835479
650.5476691032655
655.4522405582919
650.5245144677724
655.7639422163776
651.8980603564262
655.9298454855654
650.8201658024125
652.8807402657316
651.5908754903447
650.8830526829066
651.8894632088117
649.3463786082232
652.7385620975483
648.5713191891718
653.4486070731955
648.5549401704533
653.6074260230096
649.8158058917194
653.6026329730049
648.4531619753976
650.4904864675946
650.4775569509866
649.6725302750021
650.7845993247452
648.2408941712464
651.606555696076
647.5924212941436
652.3132874830993
647.5802960642718
652.6095602468355
648.0308201342974
652.1270266818952
647.2537341454729
649.3407667674353
649.3698457578844
648.7794105321576
649.747058645003
647.2614228279164
650.5922985361681
646.6487858624348
651.2844019658803
646.6570534962773
651.5352370213487
648.0258191575293
651.5331299540933
646.689149739749
648.6389428962589
648.4384898919964
649.4274832845889
650.7118068953125
648.2218287445414
651.435049122935
647.7039346378501
652.1083177857744
646.7924671381611
651.2152190869252
647.0029498066328
648.7856279808228
642.7864084874014
642.9914677761923
642.8150656271198
642.0972275527528
643.4459280827564
641.0363154912845
644.2159916545104
640.5786258309071
644.8879359841353
640.7474769361097
646.4574490011536
642.1764574255005
645.1332194297651
638.6764204258802
638.7013480113854
639.0457433826562
639.9962554076195
641.3259946436796
638.9914411924235
642.0864108147126
638.5792712337199
642.7299690764221
638.7793974009147
644.241441075132
641.3923101492388
644.0927493696671
638.5141026359286
638.6081852767119
639.1505078906005
640.1742622590901
641.4315739352577
639.1578491267227
642.6132747117156
640.0708600570769
643.8815749784127
640.1090478029109
644.7523312400294
641.426947564953
643.8730630020917
637.9557483413794
637.9868118825406
636.6520902903045
635.5391720169442
636.736343432959
634.7748975286745
637.5331886665405
634.2325316824462
638.1094235150094
634.1339972779498
638.2382129156623
634.068797668278
637.0097154467038
631.0810908528193
631.0778591028459
631.5646953048575
630.8114258358194
631.6827679976604
629.3777287127436
632.1641101617596
628.8628401600959
632.9521468670473
629.2668614606041
634.048762293846
630.3641092387124
631.2712329447749
625.4444146563002
626.3624113061005
625.9984285585354
626.5263307232555
627.2219348034628
625.1214942764174
627.6784859761493
624.4413276697205
628.434774304823
624.6444252600908
628.5382016179319
626.0252618300804
629.2175654679654
624.1973060125349
625.059969641537
623.4124405944717
623.3259441713064
624.2467695851223
622.3284911266782
626.0842679830355
622.9380451905254
626.4312332462832
622.6775048249364
627.4688891365385
624.2575444108804
626.1796455809601
622.0397695351842
623.5560727014202
622.9621228616609
621.8124150230934
622.9381309857724
620.8755430639185
623.6491227936297
620.3177842094124
623.6564811505752
619.7996906700381
623.2010072522868
619.9879980744485
623.703754654898
620.4755790919747
621.7912568880394
621.1531752583362
622.2664909981344
624.6550211817863
624.0813703275561
626.2821558039151
623.9263677979691
627.6800170456551
623.8171522792486
627.3713201003341
624.744033984641
627.1439732077621
622.3467801486232
622.5812533771475
620.7326226264981
620.209256542427
622.386267106622
621.8725256828321
624.1205271841657
620.6895889458808
624.0970122964386
620.1101626166655
623.3861500477028
619.3038098559242
621.8097913666701
618.013308998568
620.1394090251181
620.07733485561
619.5921892799577
619.9414327300074
617.7466339987753
621.3709977700881
618.7620125117965
622.3977992249461
618.202460754928
622.1877493758476
619.2860266303986
622.2324543839964
618.6576931438905
620.6322303847306
618.6634026288812
620.1260165032627
622.261140519337
621.7300049678281
623.9702840312125
620.4492869832549
624.0255735872264
619.8075050150098
623.4822215687194
620.3270680315769
624.4397042829926
620.4816980460814
621.0671160120752
618.9583176115091
620.5527154600854
622.6306527172774
622.0872651480852
624.3489823910256
620.7182541914593
624.3194543454266
619.9803557773442
624.069997353303
621.1527239143376
624.1833120995922
618.8320226246212
621.2529799256524
621.1407376450477
622.6276866204179
624.7172200075681
622.5612302954662
624.814909484844
621.1296640088739
624.8246613536736
620.4053728572193
624.3668728598578
620.4765837987306
623.9678550251634
618.2753170869205
620.4829509304253
620.2845136891796
619.8501950992622
622.0500167634589
621.464136294573
623.8001103292505
621.1394198906016
624.899731334646
620.4249296480111
624.564244850958
621.3916537015867
625.72085689529
621.8257542998596
623.8398669050579
623.680989647407
625.0444292382218
627.2358863694806
626.6959366796285
630.2256600387576
626.8472846587204
630.3045233232843
626.1962390884484
631.0464913159851
626.9836172536698
630.8320527134581
627.228911795879
629.1747753000316
629.2475080016058
630.5168222395461
630.9375332267421
628.8746865888206
631.8004465533626
628.4354334066062
631.7906493004674
627.9378078844934
631.5463844775915
628.829821660258
632.6561481577999
629.208195074108
629.2527201357116
627.6119374045456
628.814154165191
629.329073555485
627.2034128179888
629.4049566834706
626.0685295616199
630.0278886338292
626.235855074614
630.5030213561131
626.9910000872845
630.8435372126318
627.4649379730616
627.99955816894
627.9889872153449
627.4803910164047
627.8933927888326
626.8284767513125
629.2400968043029
625.785051838175
629.2987636993425
625.2104261118935
628.7752323165141
623.8104430137645
627.8688621889426
623.1336343955758
623.8881129346277
621.8588634148554
623.2945093017576
625.4473884849118
623.2837388108869
625.6193047128187
622.9066185825969
626.6812579989754
622.2579537511034
626.3032637423132
622.4790994055269
626.7128667005629
623.5888062990462
625.9530009536635
624.0529568807165
625.3751184540346
626.9869678449386
624.8908933545206
627.0849510033761
623.8162115187881
627.8886948255816
623.5155162810568
627.4743983163103
624.4142837556576
628.3325295301153
624.1566045571342
625.1881972387132
625.1056676198616
624.9683392739033
625.3326625075313
624.6709065227063
627.2185647629517
624.3371662770072
628.1653961235594
623.4824728227482
627.2332621975472
622.9085577790115
626.9941006244966
623.054562779916
624.3466302183429
624.2977126112628
625.6657000518853
625.8887792791181
624.3166117877947
626.7223149895985
622.8518987139878
626.6832407809494
621.9617875816059
626.6289594737702
622.2489075523594
626.9986208177954
622.3615735103314
624.1719764687559
621.9687930387233
621.4802498045576
623.6691090822429
621.2933958774101
623.8542725851402
620.0003189969126
625.5476933828195
621.8766728997732
627.6594777065791
621.9079824290652
626.0859120223298
621.6446287968065
624.5927749620129
621.9166744090187
623.6062750191332
625.6022268614286
623.3371314101103
625.8182209679367
622.0367922826292
625.9767689929893
621.2629079143802
626.7149927350595
622.0367099322187
626.4084956682101
621.5970512030639
623.0435861541044
622.6030666484841
624.1235534762759
624.3804120539311
623.5370475290426
625.9137594706797
621.9828149228805
626.0021495898166
621.1383931722631
626.0227751259596
622.2881915252768
625.9003938011489
621.6770363496394
625.0415320046666
624.0949756776101
625.4551813396766
625.6822823909906
623.129456152483
626.9278230239884
623.5543034747216
627.5640982285857
622.6383777923772
627.3691902896942
622.4612952120235
627.3060919498356
624.2599486764398
627.4633101294345
626.5520820915239
626.5711040824691
626.9272256293003
626.0401915039616
628.5369178862885
624.4221617030995
628.3587883095004
623.5499264930168
628.0755076265467
623.0615345368777
627.8618177820593
625.1913787540564
628.0204946534112
627.6852795827938
627.1557482598804
627.5987738154321
625.5838972869064
628.053881133443
623.8796877680729
627.9205962814264
622.9746762656439
627.2258670551463
623.8747679276045
627.8530186809462
625.2736653494666
627.7176572665342
626.019096973132
625.3350730228209
625.9968157743818
623.3614200104739
626.2509939365644
622.3855111694908
626.6238655120707
622.0359043585997
626.6758290111563
622.1247884656824
626.9272410672284
621.642910840202
623.8503902774439
622.7020772502776
621.9645583391738
622.7903272497671
620.1813518472517
623.073708852092
619.2865659193401
623.5372291713134
618.7807184694716
623.4803553970198
618.8581683146915
623.0769036816363
619.7947612865389
622.2344053754051
622.1341140594911
621.456823902907
622.4172068977726
619.9213114417286
622.9838764070709
619.0080045195724
623.3260563310353
618.8492902934119
623.2398191194551
618.7186022890545
621.8112043894545
619.4796304113095
620.4728011170279
620.523603864769
621.4956321264035
623.1940332407066
620.5157123431492
623.1912140650659
619.0332530082272
623.116891766425
618.4067323837112
622.4489506913706
618.4281216290773
621.9259451936739
618.7363133347213
621.1842197976785
621.0611639414442
620.1317282226807
620.9881723745516
618.1688539121451
620.9856990342688
616.8933283284321
620.9948885222398
616.2918636487518
620.5863457829568
616.3134958901924
619.6384664997342
615.9546820142671
616.3067136030672
616.4784127689645
615.5575044468352
618.2126609156403
616.9738165368793
619.9299997595433
617.3239990601113
621.5719495218381
617.5122325004899
622.6126053502721
618.0050986068168
622.4790068734545
618.8897123583631
620.5974850933535
618.9706929732852
618.528763429003
619.2695251773064
616.4126813020272
619.7453340830243
615.8109714393139
620.3888430284383
616.6660885647682
620.6516482586508
615.64363622324
619.8415862252651
617.2680390815351
618.4619573149533
618.6753718957166
617.5256789856758
618.7620533061154
615.8706753049976
618.6271356674051
614.7811321431384
618.838585024576
613.9145520737212
619.1742016685464
614.4996429255889
617.8933214539977
615.3721956028966
617.7946569508808
616.4422460476594
615.7095892757687
617.8284092674926
615.1299894946796
619.5371335585694
616.0202608583994
620.3337963738728
616.7888227226603
621.1575143980629
615.4635962008017
619.8333270782131
616.652357319158
616.2944745425947
614.3031137005569
614.5769141596227
615.429749594317
613.020707081037
617.3677506457179
614.0129659141971
618.1508822925682
613.14837854044
618.7832674092213
613.8209437834364
618.396181407304
616.1052348921003
616.9536815782645
617.1849539847198
617.6879996777521
618.8892325083584
616.3473453419999
619.1599748042969
615.0552423900958
620.021212327629
616.418180381035
621.6877363158496
617.9950374981722
621.1693005166658
616.3880986915592
617.5278312014213
615.9179087366591
615.3549772309125
616.5805461620143
613.997007217633
617.217061980076
613.3330463798691
617.2693659655495
613.0736934347422
617.3101829824349
614.1936480619305
618.2394781277933
616.0328474980796
617.7505193920248
618.0030657491967
618.4659632584052
620.8829988440758
618.5872980480415
621.2973780244772
618.2484806806647
622.0619785266465
617.6782500623277
621.5177491395485
618.4327425238806
620.8699626387387
617.3013408856561
616.5163393153007
614.3765127022876
615.1961267179631
616.4510914962138
613.8798636133658
616.6894372369397
612.928918630301
617.7257123533257
613.4241060786596
616.970148211405
613.0424569881114
616.1253185228054
611.2220344321726
613.6218941594955
612.0593314260468
611.5195353765589
612.4264334189345
609.6741791157405
612.5255788005005
608.5514531656343
612.5889937848056
608.4626762400111
612.4171833350946
609.1325610057647
613.1916417161005
610.8824553245992
613.0781478466811
612.7735539063829
611.5161167918587
614.2040302575277
612.635622141712
615.5610158762667
612.3115192074971
616.2484797800648
612.0162016533778
616.3050554837524
612.3827982415132
616.5321270287573
613.5343944559195
614.9472489252537
613.7007830086342
612.722561259994
613.7237772663642
611.1410395888407
614.0735607640377
610.4994710242893
614.5919776477951
610.290180733647
614.3414192657123
610.9566229230288
613.518993451658
609.2413117890551
610.8759727833836
611.1203018648057
611.934250854284
613.0313040950873
610.315604003051
613.2390898692403
609.3738583724182
613.3999599396407
608.9728648287685
613.1488406281126
609.1176364959936
611.707428245168
608.9307047521088
609.0593593777204
607.5962573579344
606.6097353747588
607.7474799067727
604.9617947187903
608.093567008867
604.0799359209183
608.2509974640842
603.8697413618052
608.6679522498691
605.3178418581532
609.5949185460601
606.8406731384871
606.6581933070377
605.6490042584226
604.6860894447688
608.4893032848701
605.2654453239837
608.5171614267061
604.9865010212343
608.3487509584601
605.2058582550652
607.6233759033197
606.7493733780905
608.2523776070751
607.666458358136
607.0329835896312
609.2005587896726
606.6928878360987
609.1916672261717
606.240321665941
609.5205828566849
606.0898883311875
609.7369695431378
606.6263053680508
609.0175768265066
608.1348062292933
609.7496830756385
609.0024136519849
608.1756206406902
610.2346524418493
609.3670843766165
611.9090628830775
608.7619059364757
612.058126602061
608.8383435583704
612.0120661879637
609.1051762057137
611.4404598997544
610.6018840080317
612.017068997002
611.4004926520305
609.6118705963353
611.648180330433
610.6912560572665
614.5119754092401
611.24055857931
614.4788243917022
611.8025443153931
615.3504428567193
612.4587596978178
614.6947149510811
613.6210815393025
615.463582775524
615.3169082377514
613.9259753910528
615.7669529436648
613.1131676378019
616.738087667588
615.0327279000729
618.3668812088556
615.0599962376328
618.5697817614665
615.6769632109691
618.0713401499099
616.3461420632561
616.86719356138
615.046901460398
613.4353234752464
614.072269714011
613.1821353480843
616.7533353402046
613.7575348196161
616.9589049608575
613.5767446538298
616.7459330930842
613.6055756201691
615.8320585301171
614.6050308359432
616.5405530200813
616.022051927043
614.3122694760023
614.4187656373434
613.0110570871545
616.6053336886855
613.39596551777
616.5601840359561
613.0946771916556
616.312884247562
613.1892385760801
615.3521006819219
612.1701445154806
613.0623029729912
612.3250989323694
612.4548526246433
613.9049401462132
611.3932232660554
613.4287673062348
610.287719821277
613.4643957292793
609.8949819275323
613.3561302009247
610.0446617161537
612.6945877172974
610.1551384639976
611.0270001576799
610.0593250111133
609.7144226368787
609.748008004663
607.5635939833267
609.8033393934048
607.7935399062858
612.1372162646871
608.6618527283501
612.1294871386074
608.7973883089359
611.6991092236266
609.6820702850093
610.981163647756
608.4603784225613
608.5877807067244
608.5891044250152
606.544194477686
610.2459376391023
607.231600082649
610.6964917741652
607.245446192857
610.9956420908265
607.8037439453987
610.9921716685528
608.6883864053046
611.3272429179399
608.523770365112
606.4144995543272
608.1126934544866
607.842579105114
610.0300192332342
607.1943735084974
610.5986343696215
607.2339780937737
610.998660987909
607.7799405012221
611.0207928774505
608.5268582904037
610.984266234409
608.7894049956177
606.9066385028046
608.3573234878279
606.3693251176607
608.4674179908696
606.8439673308293
610.08689404254
606.6797049901106
610.7170609169754
607.2889125873304
610.5491293451505
607.6979274504062
610.2004382257326
608.2586796258639
607.189503320374
608.4146325129489
606.4834515807925
608.3219536546248
605.3734548866469
609.8049959545433
607.1055902827087
610.7858182083603
607.4112835785412
610.6807122383224
607.7473825024284
609.5082814404288
607.2541070243848
607.4386777338858
607.1141496346328
605.9529020741029
608.5894144960338
607.2191169878514
610.3941330825072
606.8743523990372
610.6336330816121
607.1318607446999
610.4475617271033
608.5784839898207
609.4634928873339
606.992183548896
606.9720075585664
607.0450818978633
607.1636209045503
609.1162517869598
606.4357899192552
609.6369579589456
606.3076339147867
609.999485629515
606.5152051119339
609.9077986642096
607.9576641430439
609.773057723314
607.4963511158294
606.9244309284117
606.4251556678805
604.7775491825995
608.019431620383
606.0146331086327
609.154023806053
605.5545021010408
609.6699054418326
606.030118588939
609.4588804543085
606.2523386552575
609.3540745406185
607.8300345931159
608.9242299162403
608.4434895612992
606.6450855169694
609.7357855807023
607.1432004802717
610.332707159085
606.971434923106
610.8089627257244
607.167510872401
610.6021405765031
607.4264514094253
609.3337434788268
607.6228390387809
606.7807785598588
606.2330108228059
605.8650551680023
607.4134877277895
604.8525547185823
608.8226665941477
605.101423647396
609.2591327736004
605.8953026107044
609.5239719755015
606.1641865393251
609.2298527184058
606.0999489120987
607.238923965391
607.9248156211714
606.3605720835575
607.7129067479739
604.8560870758715
607.8795132978581
604.1072656040928
607.9948653672769
603.8535375330596
607.2394934802259
603.934079508364
607.1857369429055
605.0560792093129
606.2642568080933
604.9847553036371
603.2562866296693
604.492854460711
601.5168870527182
604.6778433913395
600.7589326548178
604.8341781753571
600.8108055877929
604.4108989228894
600.8627476551037
604.4243369821105
602.8507217636942
604.159909818856
604.4613404418525
602.8306827181423
604.1974945264976
601.199872451953
604.3211753509463
600.3619389102001
604.3645142292759
600.5645963311431
603.6773634650887
600.1048946437588
603.2294954592447
601.7390538537214
602.9134610597847
603.4113477218201
603.3434071729914
605.2596752371096
602.6002064418223
606.7882352125749
603.7628343801343
607.5375096520021
603.4120033543977
608.0335781382349
605.5642235264216
607.5505425574911
604.3122305093297
604.1956729728129
604.6040381048075
602.8336685927235
605.2409049797952
602.1500522349294
605.2929445814441
601.2145092952003
605.1403986110356
600.8854267854488
605.7312211446377
601.7613288526163
604.1599430166448
602.8131709911581
601.8414008338247
602.4408742073651
602.2938425834552
605.2532557082684
603.1297471029528
606.1899834129001
602.1198980938779
606.5180629662947
602.0777478589733
605.6457037452803
602.1541790007325
604.6588381936124
602.8305358123812
604.1886327284383
604.9700333535878
603.448485110638
604.898233045631
601.6553200459828
606.0136581906119
601.9912214221986
606.0575469171793
601.6023878900114
605.6232237324435
602.1478149024881
605.7455154005122
603.7832587400013
603.9703495678787
602.8376824676988
601.6271092059171
604.6737643516835
603.0230816518981
606.3871993775131
602.2429118320354
606.3866944851228
602.2027449937447
606.2788647372914
603.1982523064779
606.6479057641295
604.29076119822
604.3086704280796
604.8059353385714
603.2503026144876
604.8377213125832
601.9927605324591
605.4378888482622
601.4881261088004
605.8980705212457
601.7577609007438
605.9471955858329
602.3375930691168
604.6883156132694
601.4747341430126
601.7890006248434
602.4248619192301
601.0022753036664
602.7195644861861
599.8339226490748
603.1630387361588
599.416618566381
603.6830403109726
599.6697307708052
603.7874832127934
600.4017274925329
602.4823745089981
601.1006004205776
601.2587354299269
601.712725240569
601.9824276445992
603.3972969662987
600.6413837886869
603.9870230368762
600.2613850682014
604.3891865068849
600.6573425864517
604.6694462842022
601.4775722816103
604.5763310547305
600.7257819675986
600.0603690845896
600.653889689198
601.0351441805393
602.7195712315525
600.1244672085958
603.428548452832
599.8956104126826
603.9860408191099
600.2656090421194
604.1902520341704
600.9395922122442
603.3629265990518
598.5891961667047
597.3403516419951
598.1973290138268
597.0560898204676
598.766192339735
596.2201007035794
599.4510061315545
595.9826427305906
599.9807712174893
596.3032579318854
600.164882813168
596.7412652018793
599.5767663251501
594.2014309713487
593.2717352632224
593.8731979532391
593.2420615265372
595.0785950706335
592.3745081387694
595.7994279388541
592.1422581475047
596.3456141939577
592.5313313766363
597.6709721547986
595.4984781714865
598.7093388907253
594.4063009130552
593.7328740284463
594.6559853552662
593.796865004101
595.5419274354144
592.8763598978234
596.2047881591155
593.2030149905585
597.2767287229155
593.5704660281926
598.2406109297326
594.8680673080333
596.8041186107155
591.79032096432
590.8026979667538
591.0782333525683
590.7226531931883
592.734831742057
590.2409783747846
593.7266134001677
590.3393923225811
594.2530790311835
590.725632233399
594.4009448677215
591.5191605261234
594.1861104764567
591.8817403719854
592.0354648566038
592.3315430401151
591.3004481719132
592.8524587056539
590.0992448890478
592.8255523071507
589.2069309237504
592.6675063388557
588.9586853562159
592.2199238348992
590.0000825096411
592.9122610105915
590.9267274787732
591.9672398766246
591.672205264596
591.3370645733025
593.9411280766238
592.5120372367602
596.7577657760172
593.8458085362115
597.6264798539157
594.1910716022644
597.1434831509683
595.005597924882
596.4061323050113
594.7038526634369
595.7583187193029
596.3622662854684
596.1323922583856
597.1649860005838
594.7529391203537
597.2591864354278
594.2387342989826
597.758786932005
594.3488981319025
597.5446024984883
594.3907746446856
595.6157081800213
592.6540277092116
592.9204737744308
591.2736956757906
590.9686165143663
592.4649376887828
589.7260589090347
592.5638148497267
589.2320038475566
592.7097698338566
589.0292903540052
592.3319737736487
589.0191078307734
590.813958602347
588.6534020431831
589.7184785454324
589.121325794741
588.9089810161867
591.1769429350431
588.3930127300565
591.4367647382745
587.9850616434194
591.628708370165
588.1887878345572
591.731658711437
589.719892331652
592.6223714285682
588.458691758333
587.1884968425078
586.827781329237
585.5150653985878
587.3094020781775
584.7059586297531
587.8082467658506
584.5196028317973
588.2351091414978
584.8844908160161
588.36329715585
585.6411743800462
588.8503169553368
584.7203682683438
583.923588844069
585.0676543584449
583.875527698601
585.5374375485594
582.9697727894963
586.0831141352799
582.7708572807085
586.4102349001641
583.1177187903131
586.5019073390181
584.556025480137
587.4316768080058
584.2437628847999
583.4297989541387
583.6138756711975
582.4582551696867
583.8773100552813
581.7169996555874
584.3316991540578
581.4181261611033
584.6581821891999
581.6870279997413
584.6539580112325
582.6121609453897
585.7432856446227
582.248252887353
581.0797117703977
582.2983057264158
580.9682565151929
582.6426821717968
580.0749146005444
583.054285534087
579.8593736187873
583.4122730552705
580.0757873643764
583.3721670751478
581.8154356717793
584.7551187130721
580.8466948232748
579.95874478145
581.0786698160377
581.1339461454149
582.7801095522904
580.3422920443045
583.256137478912
580.0260059589848
583.5112346739148
580.3649828960789
583.582217501994
580.9456835405668
583.9558695859066
581.0989793384754
580.1972052166839
581.425053083975
580.6804845924905
582.3024797354658
579.772079041937
582.6632236933943
579.4804006305073
582.9894618790663
579.8115986931708
582.9468406247553
580.5265482035222
583.4499883549834
580.089743396545
578.7279275522374
580.0062967810767
579.5118156551232
581.186371021509
578.701283020473
581.5788496240515
578.5618230262012
581.9205537080759
578.8697946419516
582.3014290733231
580.3277179924039
583.1203247404472
579.9796564862188
578.808299057381
580.0222634030126
580.1776154453826
581.8148257243166
579.3137167266526
582.725246140824
580.4482047564569
583.696453109
580.5693091825702
583.3559536780264
580.9418595370436
583.5764025175074
580.8431812540672
580.0538292208068
579.7135656202616
578.3197990422681
580.8335108264343
578.8433407247999
581.3437546136747
578.5853769132067
581.4889413886526
578.6554635949477
581.1129709498184
579.8727609051209
582.6459412927235
579.8773339731757
579.1070347983697
580.0525248130793
580.3929283294808
581.8018683949643
579.6876573057851
583.0076287512155
581.0327875501514
583.8864199765151
581.1936350870479
583.6876105223397
582.4999751387575
585.1381297274253
581.8305548033708
580.1453146502147
580.0821465102998
579.5592764648317
580.720863822779
579.4030607619377
581.7371169266929
579.0137580885846
582.2342712290764
579.3529545099976
582.267184816569
579.5455644950428
581.4301446959835
578.2775747539899
577.4890994068825
578.2626079554284
577.1974678850712
579.8230797171362
577.7611118874379
580.0207780308076
577.310001191991
580.2203641067157
577.4450195361959
580.8858822767431
579.3427840369047
582.0224835880941
578.8646279868142
578.0944725981971
577.4676078274309
577.8712862431196
579.1673645578803
576.8368239343001
579.4805409276811
577.2741067353344
580.5026220852139
577.2932750123061
580.3854695233064
578.7782101584991
581.6866785545301
578.6503227503854
578.0525469367614
578.9032756704623
577.7484387619028
579.0196919661211
576.6543101959477
579.2488136681458
576.1508957245868
579.3270465512302
576.1427423295203
579.1557023784209
577.0754171880435
579.8495244730484
577.3930520768439
577.2195082048269
578.1392837657572
576.8840163901945
578.0888277755083
575.6764337943698
578.3080779991088
575.2209549366997
578.388588152696
575.1320328668357
578.0387045817517
576.3729952646032
579.197915030869
577.1807427331719
576.3583580741969
577.2121295990298
575.7835823018553
577.0869962921165
574.5536279791218
577.1055278391058
573.953319827479
577.0697581208271
573.8749137443834
576.7986818503973
574.4037819232956
577.0384026632471
575.1047639711813
575.2665554698403
575.6934629302995
574.7877364552811
576.2887185466393
574.3380478408232
577.123941795487
574.8555497728001
577.7515803855686
574.7722984628499
577.0511974215481
575.6850554013564
577.6431620446874
577.1695218237847
577.3002401034687
577.9499259831226
577.4551956070559
580.3274945987511
578.802553115936
581.3805268450235
578.9167027653903
581.6206975591698
578.755908701565
580.9353545996247
578.9634537612876
580.2350829450384
579.5192203677492
579.1764338437107
580.2375474300808
579.81029558742
581.7867299913843
580.3467169030416
583.1484445764871
579.9472082463503
582.8312073646258
579.7492161462554
581.958690540933
579.6694576698269
580.9590724336682
580.4463793135105
580.7763129475011
580.7227904014374
580.214131557906
583.183894273336
581.4885916748724
585.0564312712518
582.4516961510758
585.2336204297582
582.2067487557008
584.3821090817587
582.4595153345623
582.7422450153816
581.7975501418275
582.7257730623055
582.5689772295262
582.1651972568965
584.9438010611578
583.4486161835621
586.0562759116996
582.8592658364771
585.7139370716385
582.7567546447268
585.2135797027329
582.7608658614779
584.8464027620219
584.3961198894168
585.2230359083611
585.1659338587059
583.2205150466788
584.650520111053
583.230336889044
586.8588161621361
584.4420002893538
587.947715162604
584.9807496588791
587.3978344051781
585.2782249121046
587.753227124814
587.4854952075133
586.6507720056375
587.762845581972
587.5049018025687
590.4778980069713
589.0562702061505
591.5525025938964
588.4812140721083
591.3444822111626
588.2591684531616
590.7949776988545
588.5235885012681
590.811027899359
588.7120944773706
587.9500000946898
587.7550459923582
585.9368626634574
588.7242168270037
585.9201211831869
588.6108093569521
585.3178560304174
588.3019150438103
585.3873466627723
587.8568386195468
585.2717266281882
586.931640286346
585.9395508260087
586.5700132811909
587.7096626298473
585.8945648333292
587.2710989336904
584.7130398160017
587.3912969739702
584.9942051228148
587.2988534100324
584.7250918540723
586.6621919332924
584.7246520663185
586.9860021216945
586.2578873794529
585.6683785981144
586.7278173675808
584.9169934238936
586.2798391648485
585.3998704770823
587.6226617206544
585.3003232818409
587.5536736793604
585.0698466057601
587.167165991709
587.2561253736352
587.4115736283185
585.5347355558081
585.4472978975314
586.8150468231012
585.5644301870008
586.5705685148133
586.1135769462409
587.752447222198
585.7838346946447
587.7203549217741
585.7951369151672
587.3019741305046
585.7594965601495
587.9309493320002
586.8458990561167
587.6020310863865
587.392557391262
586.9444725876583
588.5269505145222
586.0221876415864
588.7252628176187
585.8017621335202
588.63628235701
586.3235128705514
588.3454680737727
588.4415553552049
589.5911039785108
589.8716997780169
590.2922768614826
591.3937502932572
590.8821876124746
591.4350674391637
589.8889861947683
591.9943925773142
590.8470144941247
592.2437829530526
591.9830509561765
593.8704446248681
593.9583545752444
594.3366985395132
593.7180165556557
592.6263043326455
593.6366396458375
592.6942844527053
593.4563505879744
591.8782090172829
593.0270283472181
591.5134011910002
593.6909464916607
592.1590215924826
593.1674486288443
591.4646861907529
592.0931312794205
591.7540632850693
589.9559442673107
589.605098495239
588.5147379555224
590.0599674483631
588.7772915885666
590.1649171691381
588.8719701957315
590.2862705873877
589.1548490409301
590.2927446699338
590.8098917627134
592.1711283422582
589.315925617617
587.2988642836069
588.559149006695
588.0849272354919
589.0995328533361
587.9224584692927
589.2958776090254
588.0200721049421
589.421461580864
588.3036567931143
589.4347432565562
589.9869159909431
591.6567707897258
589.9091369500026
587.0934032491557
587.1241957037316
586.3165635489297
587.32227723898
586.1437237170597
587.5241163044951
586.2231613982418
587.6555996579007
586.4905183236731
587.6692929137175
586.8286786481702
588.1983552274498
585.698685459001
582.8405754159378
583.7604514765413
584.3409290963283
585.3406713900531
584.1761254517838
585.5352750298716
584.2568390036171
585.6562681013405
584.5285830877551
585.6753313320622
586.208690783308
587.8143985159417
584.9296997453566
582.8158276828995
584.2924673400131
584.0901577860645
585.0854444668466
583.9398191859974
585.281775257986
584.0247989657939
585.4023191053388
584.2920623089775
585.4041756033772
584.6383126297375
586.3476632265224
584.5198434995107
581.3606535018741
582.2599292191428
581.3841067460589
582.3632560947153
581.2187177364601
582.5533673238592
581.2992993946385
582.6730460571218
581.5604974427329
582.6848996393966
583.202536605319
584.6179696383524
581.4558852580813
579.4200862080445
580.8605022995961
