nan
1633.0651922421473
1203.6076808913194
1372.8461980101195
889.2574859552054
1444.0279986480546
824.3909418451175
1493.9973367158998
853.9306131684954
1332.5606235306432
890.0904990477818
1007.4013529578273
928.9848150332921
979.8528763265512
1122.4642479896124
953.8731115130117
1043.0770750202923
928.255799421346
1533.703724629568
917.401999471667
1124.696396786472
919.520539655093
1046.8303218248627
926.0612593766583
980.0269494031895
936.2329428640556
959.1378324653195
949.1122537299508
938.4919817773667
966.1636684816885
918.6932853401888
914.5012841733067
907.3958887652025
932.0634322098358
909.5669984130238
931.7673802214672
912.2395256765944
928.1153365161504
914.3910411904739
923.1773200327259
915.5601836329954
920.1816989180944
893.6193249226658
907.493716795083
852.8098185702887
907.7043598062967
838.648591551473
909.7780747957969
874.9339731101139
898.9723650842554
899.7451728132959
909.9576702943037
911.1545405408847
905.8648339749695
912.7590493793472
885.2967878334073
887.3453931904132
846.6368045888121
879.957005327898
837.3785756939293
879.8651038980996
862.7703484619901
903.1723552887546
887.0931588479959
903.1100348742696
900.7651405399222
897.6803777105462
904.1357019826521
876.8471450403756
858.0103277805615
847.6971864178516
847.986644268884
838.6144446954753
854.534603991605
855.7246776311941
875.7915209505292
877.0469038075541
887.6645135983088
890.8988031620717
889.0747093572868
868.7545898859668
874.4126582827607
844.7938278673284
852.0238633533831
842.3488355289242
846.6741071426059
844.0946121409083
860.8717636655571
852.0719392359082
878.67112246941
866.290071719105
891.2823085259315
880.7632259114824
867.953817317375
873.303843399504
850.0256039774556
856.7318912181331
841.4936115523274
851.938043615847
850.1857574974998
862.8207836115909
852.1979366201709
877.5871267832392
860.1786499260019
889.2410763001467
885.8488296691642
868.9559771428801
873.7499627733849
848.9450731621475
859.2972210035333
847.4187975441688
856.6087265160345
856.0563997328353
865.6058174082915
870.0530994976461
878.608629636503
880.7486430999467
888.9042129622817
885.3243366345547
893.1010415651434
870.6883014324893
869.94705431054
856.0133238372698
858.2555909374003
852.3729692057769
853.5151343095484
863.1526012821782
854.5502088922594
876.7835909410559
862.3704557977185
867.7832175806789
865.1376063691982
837.1947601891577
873.6964696128827
834.7834014615196
858.9431483580902
823.3123881932892
856.8577426683329
821.2877223527827
866.5410703824173
823.4142296922852
851.1293547111554
830.9937656878144
820.1512499413292
842.3642304559143
814.5736997823121
852.4088607233308
808.0572279598221
848.4904097395088
801.658511000949
862.2889224746685
802.8159734261999
849.3669596818881
807.9274461178416
815.7184448332798
811.2055457351673
809.3400213997321
815.3552802789093
804.8759370150461
823.6914781239319
797.3216521996162
822.0350243696222
793.6269112518758
813.1581514880424
792.4239247038364
806.5637063048249
792.9672807730672
799.9543112679722
795.4594070911253
794.9992491048804
798.080423656418
794.1784839997043
805.9297764636167
788.9706599115073
804.3854034228473
788.1010090222103
808.3442166696989
785.8150976937154
796.7558210477708
786.01420828343
792.5114704088146
790.2820193786328
789.9784469282364
793.962129275509
786.7907425750095
801.6197259147582
780.2132893446416
794.3891606730544
776.6680277580231
795.274194808323
776.874075924748
787.1813475308746
778.9339470690092
782.2336171562797
781.3661005633622
777.7657512717986
784.4010473506582
771.6593049767988
783.3278441683576
769.0709090985739
785.373501781493
772.6083925814796
783.5973354408457
771.2796062215908
779.3888162125032
771.3374280850883
773.3277252902483
771.3901827596411
770.8955107302824
772.4137632127813
769.0716713838477
776.514334905848
766.8504077505148
777.6858077377448
764.70416882905
775.4853320955809
765.0947735060321
771.2406512953927
765.4299637594194
768.4296161725457
768.6745280917195
764.557571624074
769.8245089234449
757.953927303397
770.2150571007068
754.3844294250351
770.2662828430111
756.6031364253929
768.632536537807
755.9290212422999
760.8610187699014
758.178241931006
757.9222245377546
760.0238042773294
754.9818110401727
761.1035281395283
755.0311400952041
764.9776417009571
751.0179941238902
762.1235271412573
754.4391473572553
762.1700712327918
758.285943248912
760.4837118839381
758.0059337541136
759.8938071063857
762.3786636983007
756.8186767002024
764.860670308769
753.8560039140519
762.6457058631725
751.4770947522316
756.4187850904553
749.9546396921503
752.6372940579201
747.950190593103
753.4010900178257
755.0453650831115
754.278033952423
761.3802253329579
758.1404644763979
767.8913657607688
759.4754819526898
771.814769930378
757.2292073301152
766.4602574597762
757.7205512439106
769.18807760859
757.8762960383021
767.3011250018151
762.8075965507682
765.0910033576996
765.0800239460928
761.662457792688
767.6926588894091
757.5109448663162
766.8787932232102
756.4272680945273
770.783958694792
761.7317580505376
769.1876011205445
764.2278672159288
772.3481332272939
767.6208343786905
770.5002377459705
770.224770968263
767.814434393981
773.3849131619396
769.1602192862633
778.9054767567683
768.6488844507114
779.6475248393659
767.9970834206143
784.2867613794738
771.5207609743334
786.7422098432348
777.3737751659197
783.2918397041227
776.5542332256966
780.1825794909419
783.6988822434538
778.2548167537844
785.2502652468598
774.4967762027474
785.2726342972322
771.6588178836391
785.8992460925415
775.0559504435109
789.1264469801499
778.686395427191
788.0969511934525
781.3974309165546
786.4321522542334
785.8787709235253
783.1370979463434
786.0225134205406
778.498715322532
790.4826553493268
774.861278554833
787.0137259519406
771.2929003683967
782.0863558252945
770.9427823311311
776.3576457034063
772.7432185233354
772.8231258783426
772.49169335222
770.9916574102293
777.7286914040333
763.634595286543
775.6727122829964
765.006074594204
776.7152677070953
761.71642951909
771.3078788749392
764.8671075732007
767.619032893918
764.8362609904464
764.6841411238652
769.2190617506225
764.5943498310094
775.1812579477881
763.8468242332087
778.1110773507004
768.7721368383234
782.383003690076
769.8080178680823
777.978908060726
768.2508642817428
774.8442240669402
773.415030901633
772.3587861555592
772.6167708084707
764.4450184203996
773.6243680396813
763.2712430866848
775.6218670063721
762.4920692711055
771.5827265978061
761.0792408471866
768.7539694377824
762.5708879145826
767.1369119710544
764.1659665561757
764.7460509538392
766.5305196846748
762.8082885799918
767.8895090700296
760.4911652040237
768.0903050399197
756.483729917512
768.8619548697596
756.691870362828
765.1539610847557
758.7325807063091
765.0989716559895
764.2848034858475
766.5517271488285
767.2907544069574
765.5248826640085
771.9291454845194
763.8067660022992
768.9989484596701
761.645249650413
769.0144971822705
762.1884945237488
770.474880818922
763.166397974914
770.6378964378845
763.3591145888531
766.6210360901089
765.3514501274315
762.8024442494767
766.9842776522602
763.0363920280096
770.3861265526625
759.0638045553767
764.6879662671284
759.2012950560942
764.4854274460214
758.2019193605385
765.4446479367809
759.367098019004
765.2796641231918
763.4014133849714
760.7435956187786
764.3889310101738
762.5489101028651
765.8187580996408
757.5719497341221
765.786922513278
758.1933202642343
763.7601182459898
757.8255796354526
763.6015906948951
760.9081885504667
760.1946897772651
760.5693317232366
752.4647852321324
754.9197025213658
743.9455453571533
753.1924959403299
745.176583595923
755.7104673902118
748.393397207489
754.0419888003645
747.7340241582027
750.4948727349139
751.876243704511
749.4371932791204
753.7298311417943
742.3556375803694
753.4610321668387
743.9091896925695
755.1159655766363
750.1138915928411
756.9702061745293
752.4672698851903
752.6042212185138
754.2690195531029
749.8261726793403
757.9104933731811
751.9745382439252
760.0562174202909
750.4210152728496
762.0027801849413
753.3347698761155
763.2316850515376
753.9893911754657
757.0633481821392
756.3091102334843
756.8346511375508
758.3067523307774
754.9947895094483
759.7704447798253
753.6135718269693
760.6988848448353
747.5702207153095
760.8885975340019
752.3247886578149
762.6264763677862
754.2106245364997
760.5244663527483
756.2588483545122
758.6359159458456
758.4575050951905
751.3178308891545
762.4339533075163
753.5784102952204
767.5674050503898
756.4404149929637
769.4500576995389
758.3062724725569
765.241200565474
755.8233451577023
760.9137649683071
759.1422143616038
758.9629799043726
760.8923189253276
757.4441222813808
762.0245254655847
756.2821825782496
764.1342044406288
756.8097429475849
762.5136127275447
754.4219928765411
760.486019772822
757.5130003433671
757.2764914722484
755.7651128365608
757.0125553495303
757.9927182031222
752.7532802022401
757.5982270382736
749.0747720758669
758.0969800533804
749.4633229771698
759.2200710107983
750.296423598984
755.653576701572
751.3197369342987
757.3465251159196
754.4754279275667
753.4247745871944
755.9034549546634
752.0420971066221
755.7972895944047
752.1220364916276
758.077283027431
750.566662014361
754.6598497005431
749.3963549611477
756.3308265621247
745.7030306956124
748.3321269042416
744.069923463669
742.5607632950888
744.3686998003374
740.5781706915254
747.9358074506426
742.956207447363
752.8569728550893
743.1643718433965
752.4221642247124
742.6446294609752
747.5354556015986
743.1053598257137
746.0501685119152
742.7266675841867
743.0019074109458
743.5337363754851
739.9066817442464
745.2470096863891
739.2822718519609
746.0703995526893
737.616767579339
744.2167457903962
737.1218553901111
739.8516430691652
735.0095740482468
737.1167172474244
735.0793126901704
734.9788442850725
735.8860647950019
736.4399208202526
739.0350039072615
735.7509464277421
742.2900742773664
738.8656020648207
742.1560128197563
736.5142996080984
742.2152937732227
736.829779096563
741.2405632361598
738.1244878258136
741.0034734253684
743.9552994445278
742.9265622307137
746.7185983094315
739.773960526256
749.1746322089778
740.5722769570596
747.0705050827227
739.1848027036002
742.001570093841
740.7318751892645
743.3842159212546
744.298435491547
744.8661100970191
743.7072584671619
745.036389592905
745.0281553896923
743.6143664746008
746.0130511202932
742.2173344667976
744.5833322592273
739.7736517938013
739.6931307098374
736.5954484447377
737.7875302342095
736.1457133044946
737.2165727864261
736.4103672750706
736.7425915692382
736.9080183392809
736.1770300406433
737.4430958987418
733.5076248500432
735.3626555314335
731.33764319151
732.8026674983445
731.1576439853836
732.5439639103188
730.7141332856887
732.014866757426
730.9181917379788
731.5195536291506
731.3577359098796
730.9254940051313
731.8356703152834
730.9098007717708
732.8116231455164
728.5327551798656
730.0078084615775
727.7634888854612
729.5529484067459
727.5592317330942
729.1383651311347
728.3336067348508
728.6456355873944
729.7355223578918
728.0114917552901
730.6282584232619
725.7871617628576
732.6881652364223
725.5364778461716
727.2891012605751
726.2315706016742
724.9992975947281
727.9415985015255
722.63117732708
729.8959184412683
721.5492682331411
731.6235701065413
722.2347923239054
733.934879907784
727.9725541074964
734.9737238024655
730.2097957889066
733.1702605885876
732.5311570860184
730.3634523677462
733.9201692112598
728.7335354222564
735.404982590474
728.3846799047444
736.6501419891673
729.1781166861416
737.235871557398
731.5009299221929
739.0821755918
734.7083894250513
737.8120876004658
738.9059215981277
736.7604239269806
740.0601525934694
735.3373497365764
741.3895899641186
735.0560439392467
742.4799936873076
735.7752551276125
743.0247243217462
739.4677149134445
743.4193461050369
740.3212129214521
740.8129233764267
740.4525961795975
738.4902267459853
741.6195570011437
737.1715345674952
742.8504112913274
736.9218453598244
743.8662044084251
737.6357830202256
746.0558678864696
741.5216115163986
747.5884064710384
743.4335535998547
745.9229631439547
746.4118335187682
744.4911114975612
747.4370511412778
743.3244460463068
748.5546836785479
743.1269237992603
749.2330253432926
743.5844834619037
749.1474673034368
744.0536977622318
746.9009100824542
742.8283723650134
743.7272783720233
742.7774180945263
742.8516329709059
745.4199361541243
741.3937064039734
747.7139993891462
741.9655068206969
747.8520237454067
741.9223614462285
746.4198782182929
741.1040297363315
745.589991748327
742.4380675556396
741.4948431730998
744.0953619620266
739.944551775134
743.0998929380537
738.113548112477
742.4575523463076
737.911130505058
741.6971333880633
738.0637442994904
740.2843288299348
738.7146397437709
741.4273150593649
740.2834721389291
736.8737493555785
739.9084425421153
737.3951026693175
741.8581402286407
738.718489504625
744.827855233045
739.124658190191
745.2337765771222
738.4465027030739
744.1480196051817
736.583424461271
741.9593077977001
737.1494336051815
739.714243714623
740.0284019516856
737.0483136249377
739.0887723966904
734.1122391842093
740.4064555217595
734.6321651331823
741.0406846663848
734.1036584815338
739.4144316774509
733.4359096837377
739.0700907841231
736.2380393588592
738.4978130634859
739.5527271009776
739.1571217711972
743.2781126169771
740.4208263646585
745.0366682150776
739.0792723817026
745.1819999784893
738.7345099092994
743.3238692441071
737.6487980470176
741.8461976917355
738.6381569006501
738.693878954304
736.9761818224785
735.5168994598846
739.8114842222624
736.59916088153
742.079699585475
735.3363773161648
742.1801352066398
734.3490010045689
740.0095431045993
731.5693851861112
734.3705685767285
728.9084983370972
732.0582742500155
729.8770934605619
727.6154719317667
730.6312525256944
726.6910602860282
733.6672224261052
726.2150178030005
733.4496138711547
725.384120473932
732.422123547009
725.8595053839663
729.0443956116951
726.1027737555456
729.3363953260434
729.9983712384185
730.1918232261514
733.0927767048715
730.05023976995
735.0948125206697
727.865850549397
734.9386058234289
727.5257502815374
733.9416294141453
728.7788640086382
733.0537998472804
730.3113101755209
733.1513921808366
731.4373776132986
731.5914009927649
735.967261576685
731.3378297961146
736.4584145361596
732.0793201324138
738.6729235597184
733.4022060237858
739.5085378737376
735.4712239994475
737.4119242037182
736.1580134359052
737.7881567428489
735.1668597036933
735.4207292852149
735.552979525801
734.669242449125
735.6685565478824
733.5142953093176
735.300572175614
732.5716569053674
734.2808652486684
734.3643779882052
735.3808156146696
735.1036572273924
733.9622965472685
731.5770073927238
732.0905162470959
730.6627029841834
729.9242655282078
730.7918421958088
729.4411705346216
732.5393685668992
732.4893800208464
732.8138247725972
733.0797359453996
729.7006297380916
729.49586635662
728.7088617073703
729.1583092607862
732.3671355302357
731.4366434920464
731.0417236953579
732.6688338532474
730.5792311022963
732.5062183905518
728.458908284767
731.3625990556274
728.466959893795
729.9763566059871
729.5991566724958
732.5309519676483
732.3148210539747
732.222132027289
729.9724163211215
731.0046204636476
731.6590840830715
731.8802224670305
733.6784577089991
729.9068661346773
733.2936306947738
729.1895498620983
732.2873824506456
728.8388857488098
731.6888453639115
727.5369033615782
727.4845295891467
725.9244142699547
727.5626168919557
728.1855237223727
730.5456876228305
731.5919259886202
732.5822126115554
734.7547736922307
734.9608811516218
738.0591478256651
736.1019689138169
735.1992722054856
734.850377714628
738.2366761347375
737.7834358065509
740.3736938506242
738.2683715172425
739.1818911624928
738.0082037554741
737.1541591583926
736.9190332941981
735.5798255339955
737.8346133810978
735.6194154450628
738.7644526799303
737.7336991147843
737.8646069453833
737.6783427123517
738.2012671762777
737.1633724454828
738.5979832679525
738.8021261588577
738.1389029584649
737.4438098326407
738.4049040003748
736.4370986716791
733.1490864932209
734.1612306417735
733.9452947147117
737.2702719804013
735.0064992588324
735.9877557266094
734.9420084830642
734.765360851189
734.081013427615
732.8229287845157
731.9955843158554
731.267664368272
734.291858595384
732.575402049397
735.0138068818839
731.0275863317576
734.4420239384823
732.5682365001602
734.3174567764497
734.3055659418415
733.3715936871781
734.3736773610152
731.3999867908428
734.65384095248
734.0767270221787
736.5392647169621
734.1051758708018
733.5334350681886
730.4952889751689
731.8736329478606
731.4687389145926
731.2058503419405
733.3349858875455
732.0394462479985
734.793358385672
730.6319042188127
734.581011266279
727.0067017009193
731.5254077766276
726.7635371306325
728.8696110709942
728.3399223678047
726.1574587105862
727.34033837112
726.0446333705464
730.0168599152589
723.6762449680336
729.7295737747461
724.0609137319092
729.9204894537519
726.5498192891678
729.8361759921999
728.7267360496247
727.6829019714501
726.7898358169415
729.553543237412
730.8253010836386
730.4854745706301
730.9869421285739
729.7083573278267
730.740790736771
731.8004743352768
733.0589538972104
730.8724117191975
731.9655260239833
727.1365256202012
727.9599830793323
724.965721068939
725.0508343842403
725.0273378467944
725.7016265113839
725.5663641215626
725.4133476639712
725.020480583122
723.1304068944139
725.6232428515464
723.4800217195161
725.2465391292673
723.7525337508323
724.716777447287
721.6192033581324
722.7013973792056
720.4976919368465
720.5448354424509
719.5800826777272
720.7947004753307
720.5466318106228
722.2765814529025
721.0915755446158
722.3240970584734
721.2522549187472
719.6932222628441
719.8794312073632
719.9037314944595
719.1858736595728
718.5105177470097
718.3825291056953
717.6279307578072
717.4283775526374
716.8597424972826
718.6300146210323
717.6849370928857
719.1664080815848
719.2042311505896
718.7607405470815
715.7653145368796
715.5645444850487
715.7758019232201
715.0839168875586
716.1206914201933
715.7687481280233
714.7291796942313
715.2144962028347
713.4636027263202
713.7813113884165
713.0319882377931
714.4456553849012
712.1350946520622
711.1694419534683
711.894177549994
712.2987032127887
713.7876619477762
715.1566439948268
714.8759268108846
715.075120426671
715.7588145060826
716.8676621169453
716.7071873415783
717.1610174031085
717.7464966194722
718.0698505418483
716.6976357397303
715.9190089157526
716.0640225921985
717.5657354189425
718.9627414158036
718.3833899253391
718.1879766574593
718.3006718735495
717.580994668332
717.8765631379584
718.1839472925119
717.8519054068022
717.8241932245619
718.2808614602533
717.3609471611811
717.5641077640344
719.2407545854791
719.8135246498299
719.7347333134402
719.9031768560051
719.8964296860779
719.2286851493586
719.0135682442963
720.2091487323896
719.8174013194722
719.7073547949117
720.4264925685392
719.2260425301538
718.3210079440341
718.1148282554939
717.2232260456892
718.08278497236
716.8462995763929
717.8481590750731
715.8844397139349
717.161082559856
713.999920463643
718.0429970352682
714.4980893145901
715.5718757395362
716.275611807987
718.4086270554726
717.5572933939713
718.6422749418032
719.063658171141
717.3267232485183
718.9176840157853
716.4465910289323
718.4919848767353
714.8914312069346
716.3962007080593
713.5938010243397
713.4617067531045
712.5431992693603
712.547786305758
712.0517923611014
710.8743500308974
713.1403123013289
711.0963286256908
713.4256604597037
710.5394043191603
713.4333657587133
710.3823888023027
714.5988231692278
709.3278178553438
711.7961520632626
709.3751466292564
710.3560669267857
709.9395335309838
710.3174842029525
711.6813352699802
709.4569905334363
711.8823589477655
708.9894536652691
712.287083462854
712.547481350571
714.2886045961637
712.2761287659671
712.1835089997766
710.9802758882083
709.9776369342436
710.6649278156616
710.8213424535264
712.0389421453191
710.2044773599508
711.7313938009879
709.7644856748752
710.1908943533741
710.3103946581747
712.9912967275194
711.4454317794556
709.6381420987059
708.9663719750839
709.9102809233422
710.5181439271346
709.8539500473661
712.8481433399941
710.5513636256751
713.7561856584139
709.4076354645131
713.2122339948219
708.59087834014
713.7413254813016
710.3734600814711
710.6181634678537
710.2753164033095
712.788062495469
712.2146847545836
711.0397369032613
713.9886827523226
712.0162719837142
714.0510361264029
711.4926005773178
712.4527749409989
711.2593572018139
711.6524070364507
708.1185214766366
708.542707110772
709.2347950951132
709.5318199397627
709.2648663932576
709.2666776914871
711.8335015127365
708.9546526999151
711.684713273087
708.102084899302
710.2840828542393
708.9300347971622
711.7149301555309
709.0617272909404
707.815768099288
706.1881773639614
704.7682615592561
707.6382200418959
707.016467450296
710.4031245166879
707.358863312038
710.085062303022
706.4922413934888
709.7377714206846
706.4511359263012
708.4280463071901
701.8367719451135
704.212296004428
700.563837893162
701.7256722899631
704.1768100041135
701.967960426548
703.9322999725981
701.7513821473118
704.7048635765182
700.926688762596
703.7558949028073
701.2553668872704
704.5756480307402
699.1015126549648
702.2179595105911
701.5788318546627
701.6183816093534
702.9753740192043
703.3885599644448
707.7643680734188
704.7187241136588
709.1931407745144
703.8357718788634
709.0256007356004
701.223463270225
705.450476655309
699.0730249110194
701.9990748890027
700.4174948942012
701.1863270098997
702.6791754075997
700.8965250771897
703.2788362784033
698.631950010126
704.021575464208
697.9461951991772
703.9315439307894
696.4629541019399
703.5032148140816
697.3063008100514
702.3684648057823
697.6774140716873
698.435669684562
698.0123947345153
697.4212949763166
701.1397871607994
696.2122094471337
703.3890462609382
695.2548296649918
702.6727286626461
695.135673160449
701.3301314591632
692.0338190692372
697.954625563543
696.4135081371282
697.5900443526675
698.6859141538016
694.5946032854227
701.4497277406518
696.0585317830994
702.7202173428041
696.2674809217904
702.56261379789
697.3457866283968
701.024856069157
695.6576588718498
701.203260940209
699.2961685310759
702.8897841850463
701.7631727378782
700.9583941116424
704.2605797697266
703.310189909863
704.5222737208749
700.0258479374164
703.674779903442
700.0831339202059
703.8559878740116
701.621981925801
704.8126918025985
699.150169390483
705.7610288900719
704.308233601862
709.191305819456
706.8699556380068
706.8406139355612
708.6727857568126
705.1862628231634
708.6467524266163
703.2182131042846
710.1772951942496
701.2413289866248
706.3878072809897
704.6748982051429
705.3520414145289
706.622283716421
704.7601347509609
708.6506834530154
705.1870147199384
710.8334843100183
705.3728675274139
710.5737162233078
702.9617793228343
710.6948356955397
702.6807267550245
707.863573090846
703.3415137220132
704.459995292192
703.2652649961002
702.8068127088688
706.8698941343295
702.0648392516102
707.9743485895248
700.8041775982167
708.9246591081793
702.6533066779213
709.033059480188
698.6509008144311
703.7500502541207
701.1251560758066
705.3023069541315
703.7938965526649
701.9835578119914
706.0024557143748
703.0817225352267
708.2429499452545
701.1754408911931
708.4749243747414
698.9341635734886
707.9500127257735
700.773552166532
704.8986357354523
699.2613217150758
703.6754903506887
702.4565559431941
703.0411764975905
707.2847171691919
706.2998485064849
710.2106403193775
703.5115708599212
710.5257340718579
699.0713065774431
709.8537757646004
698.9037887779093
705.0196414329089
698.9110651868759
700.5512295802257
702.382091999745
699.7955490970182
705.6532736464592
700.3471399327805
707.1476263884954
697.2668855396969
708.8632387209827
698.556076373038
707.3654865205715
698.0410574624166
705.5676812742483
702.151171606877
705.7873636530509
705.467088146845
704.2542799715832
709.195083362167
701.6265795293498
710.5546715913773
700.2584930591315
710.666718195072
699.4221135200462
710.7323692998594
699.1046839748974
703.4777281199937
699.9478255928627
704.1163319267351
703.6577899519123
700.2735678303816
705.4699858761351
697.8787759924903
707.1586295026234
697.0046620360572
708.9747858453388
699.2270278732718
709.0144109236257
700.2513937399101
707.1915357789408
700.7948660807049
701.5177385851548
701.4137819013304
697.979758137407
703.1775401776033
695.5136707011349
704.7429107116794
694.4786196204602
705.5361935132725
695.6383049711704
704.7442964327038
693.0942390425956
700.3220062701699
694.2652885364965
695.1553475600867
697.8433090832208
694.1502273366082
699.6613889775546
691.7833732951392
701.4487489362576
690.6980911729689
702.3823642931142
690.7461213468277
701.4514756699393
691.9443156615414
696.9261322045996
690.4368162830531
691.3811973591262
691.1546799309439
687.242158154787
693.1339602563207
684.8071394344182
694.9883066880562
683.967194872303
695.9147518744523
685.5092897315741
696.4567391455685
686.6742093409495
691.0015757511715
686.9187032680168
688.4171678062048
690.8009242746122
686.9115563838112
692.5523020134395
684.5492522758445
694.4401959591262
682.7901920443475
693.9332050257373
682.5112945117785
692.1678119236698
681.5227333909598
684.2927037819422
678.3093381232279
678.4759191125179
679.2362306152456
677.385378507036
683.2683548645648
675.246029097502
686.171766949512
676.866639447851
689.5584896856747
678.3368255345838
687.0737561202194
675.4894142370887
681.119493564303
677.7731522061013
678.385962104999
678.8195874942033
674.9621512662354
681.2018958986281
673.4669561491384
682.9715924185587
672.9862074939125
684.1181265234762
671.8881219720073
681.4988694583036
671.131442803761
675.8819663114165
669.6317391144105
670.0264412807761
670.4622103531939
666.6602315602642
672.379712499921
664.4305326772195
675.0052498824645
664.7930020186251
675.5098771382156
665.906818473335
673.4979538844559
663.8136171191613
666.6538472351726
663.9342975236983
662.8306956172761
664.1518690740355
660.0677484158299
665.6432748530847
658.5686183902701
667.6936001439243
658.8709318430963
668.4040502302923
659.1245854733464
666.1226552368109
657.8780201578958
659.5352530700487
654.9269278223848
656.6581957405677
656.314085666859
654.8623090068921
659.6966331076205
652.5553401998029
661.2688516575599
652.8024565053469
663.4237558146845
653.2738056662974
661.6428661295294
651.8697110429075
656.0261975361686
651.4375632690123
652.0362750721636
652.0726757374197
648.2491285489704
653.564942487341
649.4370070687261
655.9172445069701
650.3729253379045
658.2703067584564
651.3903724403133
657.7610012081487
651.8604655531692
651.551681004199
651.9493660403052
650.2036480291043
651.9512400390846
649.0854253824817
654.0251203952058
649.207850396667
655.2993555014875
649.0108247642837
655.04192852006
649.0733301603676
653.6985576970096
649.3615031167507
650.8530651651882
649.5232515110233
647.2010171023493
648.4864845986878
644.275885033464
648.0116330379128
642.0541458058321
649.135791216782
641.921295159198
649.9700560334356
642.7653868567764
650.6838690539537
645.5059446067522
649.3061911143283
648.3138648607404
648.7671984934032
650.4528125028495
646.3767398428844
650.653804360178
644.8837597018221
650.9642296253592
644.3802517668931
650.1513679159845
644.4192162542863
648.5383727055214
643.8793018379323
647.7572355083558
646.0666752677175
646.0914335375455
646.3611216178818
642.4832437236222
647.1782694634974
639.9869941469539
647.6703817421424
638.9102807026974
647.4394961786053
638.8141163772584
646.9945495060617
641.070947903157
644.2356453216647
641.2419621930304
642.4733273535223
642.9708445733761
641.096216255208
647.3006984691885
641.3358211139187
648.9567437326095
640.3869215058251
648.0929834745328
640.9651804201142
649.331593849639
640.9680925848047
643.3390377345489
641.9465876023374
644.3056785237538
644.6737528324678
640.5745676119901
645.4549414579616
638.0954605906052
646.4835264096341
637.043590226549
645.6265822671701
636.0390294689033
645.9276440891342
637.4976185075643
642.6844912013536
638.7110148848253
639.8341973552349
641.8981630912144
640.5133416552957
645.3274354468971
637.1009785413007
646.2758574056634
635.7414224923942
646.7349387160182
637.981940055449
646.3971164769046
639.7288642528526
642.8692791143948
643.121803986082
643.8545870396902
647.5201123959145
643.4036791886851
648.0054815396234
641.7822006877461
648.0042962813862
641.0781259980703
648.0412101527576
641.8193603481542
647.5701279026237
643.8496504895664
643.774665879056
644.4208638307214
642.5377059544052
644.5920471880739
641.9282355075884
648.0947025576183
642.833612555212
649.1974227974316
642.3723425929495
650.1360291925514
642.2877208396712
650.8619517272966
642.2487204859516
643.7581274625451
640.4209238760556
644.4178618535758
646.589787826651
645.3131733774015
651.7175607763734
644.0348173918824
652.7284143738175
642.5606708662467
653.0994676382845
642.5289728068153
652.8000209342046
642.9591488338518
647.9977544385673
645.4933422632478
648.3450375584295
648.4795613812562
644.8532747567642
651.2221569637464
645.2460094548361
652.5916253188403
643.9221017677356
652.0507263443778
644.7928560723922
653.2925187717433
646.5933358943469
649.5782860875771
645.1831654168109
648.0660356380998
648.4787097424686
647.4173463479597
651.5897158186472
644.4167382657064
652.9958156393656
644.5627406789816
654.5461603937915
644.0261197986506
654.2197132398053
646.4615674101938
651.1951134842728
648.3554524247915
649.7596396379486
649.0641092906031
648.0485079298234
653.1161613546357
647.1915999211627
655.1743224849128
645.6045456691129
654.6781455520623
644.1518149208151
653.7831327808128
645.5814369031
650.2130587078184
644.3114786704535
648.4275780775021
650.2260032386718
649.4015637091405
653.4666015141545
647.3875953730327
657.0265491609206
647.7607343448844
658.4275100064687
648.961031614072
659.6571283721646
649.6605875586382
657.4091787333527
651.5863092424416
652.8788668343233
654.9535507828268
651.102368018155
655.6804571343753
648.2475063828872
657.5708916223621
647.0572907516569
657.0771109486957
647.4230515677745
656.8463561211875
646.5040481203345
654.7575314496476
651.6579171499428
652.6148582378968
651.977994990993
650.3902257782009
655.3105972916964
647.1020073634687
657.1271548540564
646.0321266400172
657.5069640798835
644.5924588075533
655.8531659934367
645.844594041481
652.8060656745647
648.0456586324909
651.965408617248
651.2668390999047
649.6587822399883
654.5643683490192
646.129366445092
655.2927069459695
645.4377522315992
657.0933339321585
644.0970850238165
655.403558633089
644.7939738020958
652.5514021446656
646.2409523549068
650.1435829244957
652.2828260809873
648.2849986544489
653.3342767316914
647.0944967553572
657.565498718534
646.2618579808801
659.2041535241127
647.2942752805526
658.6772122945761
650.0202741265156
659.2742862068218
655.0228762249112
658.999289804052
658.1548793328199
654.559080585343
659.3674389850219
651.2824440409395
660.2601169961724
649.6065152725175
661.6870105944334
652.1073333261046
663.1750308636293
654.9014085440374
660.3703621686741
657.289018340952
660.7367796316455
661.3869464306852
657.6855318211085
662.2833821634517
655.431344048731
665.0264551115653
654.0927639358013
664.9212850177909
652.9374339757636
663.3604629737614
652.4668636083949
661.3286629731973
656.796355320996
660.2889919758272
659.5630149087114
655.436353506868
662.1397584511487
655.264372709132
663.9865116744727
654.3275638688368
665.9911540606774
655.7398008042031
666.1456392447727
657.9448586738338
665.2801377524656
659.6045358963391
660.9384906536015
662.8036612055694
661.2000730133582
665.7015295178682
657.6995264199387
666.2103366751637
656.5703735964158
667.2834044960788
656.9990984217833
667.4845913338871
659.9661030108063
667.9334392954688
664.968945210263
665.7147108978692
665.1556828902746
661.2137089798163
666.5077481581511
659.5348206506851
668.9942447687653
658.0846267809652
670.0987875003935
659.4252051439644
670.064502872688
662.6225589490151
669.5512502171007
663.7869998262565
664.8819272628152
664.2792300770955
660.3378766011202
665.3257666573163
657.36123112525
666.4634599161687
656.0426235459721
667.192206869991
656.2092292247685
666.5412107744976
658.3906377357716
663.1162455002608
660.5667005940466
659.3005947808505
661.0668808069167
656.3740171835633
661.6017457903358
654.941890681871
662.4723634450163
654.4931921784714
662.3854998768855
654.849418987551
661.539775775616
656.9499338743708
660.8490752479415
660.8950794993358
659.3166694947606
661.2143988542056
656.5657921051538
661.9937128395329
655.0846156290856
662.462667780324
654.7105463129747
662.0786734015871
655.1470849841148
661.6061464451427
658.278437533422
662.036537679078
662.0981321109724
662.5286832282691
664.2948845902079
659.6875607675563
664.7406346985658
657.8149032276723
666.098611565217
659.7035322844547
667.6000355057716
661.1783843695175
665.6774921544303
662.2835177335522
664.3227014677447
661.8541802597791
660.1553808179119
662.0138922948704
657.0413675876316
662.1348704933213
655.1500770511934
662.168182749299
654.9122171900825
662.0057100474568
655.3961095102659
660.1019894787166
654.4489736950925
656.7462095013312
654.8522608183636
652.887249109906
656.7687315141582
652.1497326436049
657.1191566933171
651.8073365318227
658.6273460666828
652.007577092824
659.6797662704511
651.3836125206758
658.7906004018826
651.793555051768
655.2629814296746
652.6370592489711
651.552831448061
653.5516941753596
648.5343562401695
655.7104781116938
648.3324523018797
656.269089233287
649.1026421351653
656.552778262454
648.3781962240115
654.8994843288758
651.1579130266031
653.1193997102497
653.4133036069921
651.7077695752397
654.2136914098543
649.6353890047513
655.1693319624355
648.1429213454144
657.5012615602898
649.4514676725304
659.4951073409599
651.7472863799252
657.945648637997
652.7619976736322
656.0252716940563
654.1498063117015
654.1919839341722
654.9558001055734
649.9930751059384
656.8008030005873
650.3975072948884
657.8413128252033
651.3636036863484
658.8730447122683
650.5326880204909
658.2683516955503
653.4134546162811
655.0615180562068
651.1342844232348
651.4634357731251
653.0073211625031
648.6401912791839
655.1001366538364
649.5408541145174
656.5957048171864
649.564610181244
658.2663297124541
651.0394158689447
657.9015335072613
653.4099976346431
654.4384788046336
652.4213971555324
652.5840381632407
654.5381203631786
650.7325902957431
655.0254468597766
649.0275303869163
656.1407138101018
649.2292325128282
656.6971150594389
650.6584050147533
656.045887512012
650.2009504099886
651.7041517030545
649.7354743571865
648.6154516414891
650.5212246072992
646.9110311834892
652.3809485431362
646.9277594051075
655.3870552135537
647.774175035303
656.2866634812826
648.3122830032411
656.3226409301386
651.5168336454733
656.8736746395099
652.7174587851881
655.0152301635284
656.7526086414077
652.8860174148787
658.0905102199848
652.5106727292216
658.5690010368812
652.8038284398608
660.3318700853164
654.1303409584314
658.8626570520144
654.6641826944101
655.2552021094727
653.7341035630062
653.8473899259446
656.3461023268164
651.8184524446123
657.0219449663118
650.8844048377615
657.9096365011164
651.3735598301914
658.7669769740417
652.1143031793732
658.0181950312945
651.7693609132415
656.6062161455386
654.0296134086037
655.0750457027409
655.2867556262875
650.9896286855198
657.3527370926158
651.5646926197483
659.7991684806581
650.7762540374695
660.4278103508681
650.5166272387452
659.2983650539218
652.5736619818213
657.34252066868
653.9333068073694
654.7662359274399
655.2200868778375
652.6143057154521
656.6165178209233
651.9889068446661
657.229126902482
651.7535659482705
658.0377816647245
651.0232097530031
659.1569795626019
650.9066397338707
654.7329338054286
651.6255820598316
654.9577080141522
656.9193200223601
654.5665577789108
660.1707189202205
654.8444529845441
662.2445007340629
653.6071357747203
663.415659494647
653.7352765481332
662.901797514144
656.2375590125564
662.9960635823608
660.4704678565806
663.6866174599721
663.0029193352414
660.0104196340371
663.5842514502623
657.3268748338407
664.5334239070227
656.1963639023144
665.8059124330271
658.2124578700825
666.9559603117297
659.2185363190365
665.4311118530114
663.3821365409513
663.8179110696597
663.4957467119104
660.9920616889201
665.5646842770186
660.4933263884989
667.2510640042124
659.3166542167924
667.4197902160511
660.4384907136675
668.5532765934496
661.8799694185618
668.0601291491398
666.3574433108905
666.2099015435972
666.301522693351
663.2933116253533
668.0696892488482
661.7712635806648
668.7100296341437
661.5876971997419
668.723517513715
661.9286196135879
669.2115548196653
663.8186810958905
668.5037736532066
664.4598687601735
667.275204232191
669.3309607791133
668.4460777061273
673.4715596283486
667.8192204407472
673.9843702180701
666.5444185515277
673.9188713675513
666.2980532980384
672.2246314070943
666.3980366502838
669.5719007878757
665.2355711483058
665.2564167133447
665.575044926543
664.2132076558161
669.9962774388102
663.672686058307
671.4750612596991
663.153010870063
671.6734448250775
663.1884837842454
670.3119227027705
661.9639458779627
665.8487506391614
661.0352828548444
661.6329953265316
663.901575063537
662.573890860024
667.0027981310461
659.707854196824
667.7474068167064
658.4320489619236
667.886788799239
659.5621074597829
668.9457587100029
660.2434330135832
665.5065387564166
660.3838894441692
663.3444080848263
665.4630680816165
661.7075485192684
666.2118036334441
659.0181566488974
667.1085435733878
657.6574357614021
667.0756837167572
658.8002649030298
665.9159170797328
657.906921226314
663.5926792444309
658.6021980563513
658.7241690406431
658.8197466654609
655.0398854610919
661.3612951769567
654.4355317439025
662.9656306963669
653.3638915493052
662.3212675798751
652.8554361070707
662.4425138147307
655.8641941471956
660.3472303239314
656.1925368122419
655.7156959408368
655.9787133503977
652.8399540004274
657.5388213559319
651.4831570346258
659.9568928730877
650.4374353467202
660.094836826207
650.1731804098578
658.1598474364442
651.508857924192
656.0538470419694
651.3143475589159
651.3591490659345
651.2705497063389
647.4698351517209
652.03988326723
645.3373001160248
652.7561204511958
645.0579153124312
652.76402769442
645.6018231165639
652.7802049117834
649.1537197691365
651.3160143079311
651.1556294374778
648.9081570685237
651.0483251454455
648.3964741296974
653.0156636972906
647.2348499861226
653.1654333959186
646.7817271906281
652.7042730366802
647.2626188155872
652.474482706234
649.5737245474688
651.9285874170546
652.946513388244
650.5680852552066
654.7720374064696
650.5019524871283
655.4557147304173
649.8998242187431
655.978354821766
650.2889235898815
656.1766624175282
651.9454404304972
656.7232083324236
651.6813367360251
652.1470665994777
652.4993451567174
652.5667510948481
654.9604668288633
651.0033765645644
655.9099430457986
650.5364437680714
656.714901149916
650.9414004494749
656.8458696008602
652.4474768967038
657.6817780812053
653.8273121379773
655.689609360449
655.223580110094
655.0344268030375
657.2526864585353
654.6609573174134
659.297440998586
653.815679723489
659.676632803621
653.7595004956444
660.704672390117
656.114415695436
660.394566792774
657.9698657886839
660.0265695553242
660.7917357773281
658.6392569827464
660.7896813016241
656.5507357654775
661.3084843249234
655.7916138067118
661.5776339109791
655.9357173064277
661.4507068070349
656.9495759136922
661.5238188643815
659.0146971505363
658.9897735992419
658.0282546273304
656.3504721347758
658.0168076299587
653.9919155388427
658.7629950625933
652.8869523228767
659.3031609742546
653.1085578370229
658.8411874657614
653.5522697605447
657.3976812911064
654.7990640707385
656.0678731382125
654.7181303401785
652.525452576085
655.2075747350692
651.0599240841108
655.9033169566128
650.6013213966246
656.4239757590785
650.6688880689944
657.4051982473021
653.9005300233872
658.3770957292202
656.1167933854844
656.9798516174112
655.2279105049297
654.7171198373746
658.746169074828
654.345756695277
659.0534960120619
654.1384493576081
659.7681112807883
654.10897600374
659.3884384571105
654.4531972834707
658.5288612609448
656.7364995658613
657.080075020513
656.2294182022412
653.7907829424629
656.2186379501361
652.0345402919231
657.0968179459046
651.9046632112498
659.1708091858159
653.316443476015
658.7649918169976
655.3833639026502
658.381133255125
657.3879930041935
658.0782028986146
659.1734359771684
656.9434420443255
659.1670582572187
654.5801561283873
659.1595090433154
653.4503492945227
659.0102161321836
654.4015769020954
658.1788479363419
655.5515628100874
657.9720002749332
657.164862586317
658.3836994613181
658.0093795053499
658.9025757049394
658.6819498193813
657.1269368100864
663.2752696742756
655.7900508907459
664.2172997810504
654.3577829901153
663.8416798933775
654.2234844597128
663.635599264615
656.1852328391938
660.9260795359113
656.4197225716144
656.9688536886437
656.4776224225075
652.5561249459488
657.3890923203344
650.6409321833174
658.3709649012613
651.5994532253085
657.6440919174836
652.2564600979937
656.4568231226499
653.4624260784618
656.7321132424169
654.9073033984753
653.6033911782806
656.7765600064832
654.2152475056455
660.3008676091664
654.4749057386726
661.52683796842
653.6809396841415
660.523078652585
653.4736241838643
658.1679321668784
653.5404498188205
658.4116057873799
657.1613010916988
658.3046860079006
660.0423167283936
656.8465230239016
662.2172218218348
655.5289891531921
662.3853286721225
654.4971448549521
662.0101316970143
655.646791224977
662.7336346454513
656.4767403693041
660.7873320721623
658.3492434469208
658.3586865622599
659.3280669651508
654.8983222953973
659.6442535233748
652.6851481549302
659.6691222771772
651.7010518954821
659.6450216506986
651.6717110871548
658.8197321134581
654.9952946195382
657.3360690787885
656.797317506367
655.3728823487012
656.5313098607526
651.9496514233666
656.7373759384293
649.6858296502987
657.2058550214196
648.8278217157914
656.3193021848939
649.5406669902599
656.7041096336415
650.6175768033031
654.1682580300815
652.690915028177
651.2354124576885
654.8152427960976
650.0502828093197
655.1593152113729
648.9573493713574
656.3903283553256
648.0199745601001
655.9341338069447
649.9699687568731
655.6024039003661
652.6849219689193
655.9027521770098
654.7926723388405
654.615535373704
657.2282187717105
653.1864171951677
658.4594370516426
651.2506417860935
658.717355734416
650.7503678625842
658.7726873787652
651.45341742735
657.9272305654604
653.6408386562725
657.1946629131637
655.149986333566
655.4097718680894
657.4494199920557
652.9632800542757
658.4065047763779
652.5840274368283
660.1286858818562
652.6461600045147
659.6424480902242
652.4217591306065
658.0871637496688
653.203046469639
654.8920353805582
654.5139025856059
653.0834998338589
656.9450123304739
652.508999849718
659.1772910188934
652.6309973725467
660.2167203769245
652.5842376395838
661.2282075730762
655.0018630622369
661.6102712181345
655.4641214280399
659.6607685413688
656.665156599852
657.2806852082247
660.888157829873
656.5858951386971
663.2706978743037
656.70020908687
664.3455469075298
656.9099142450686
665.501996432365
657.9759903637946
664.275475230099
657.3071471615146
657.975937284322
656.5975141284915
655.2728417944231
656.8730580294113
652.9282723107741
658.3840242653841
652.1455989197651
659.5932035710812
652.458882488569
660.6946688062208
654.2025962314938
659.9739454673829
652.5674373334416
653.2536281670971
650.3491390173826
649.3115079845708
651.1783479161397
647.2437852814022
652.4962736364718
646.2756126030787
653.8709386143555
646.5928800558486
654.6506457345072
647.4381232080058
653.7832095189117
646.1294479986594
648.0322275331895
644.9657627890355
644.0398516200149
645.9183445231249
642.0426508297269
647.2895839608193
641.1185294391762
648.3547170428533
641.6537375905176
649.2113816366449
643.4585714956015
649.8164367552122
642.1736448014044
644.4349932585856
641.6903845719797
642.4184684982135
644.0548436695655
640.1854288692108
645.2420930968963
639.151235044946
646.6978443937935
640.0540878908661
647.8823526532185
640.2446948083929
646.4080617362558
638.8101007061487
637.7991251796223
637.0201433611669
635.8012459185609
638.7003719188282
635.0300480540989
640.3747622169737
634.5495294947278
641.4959420886307
634.7573987031737
642.0658777012466
635.1783757554867
641.2090844266762
635.9062084802406
639.1192424083596
636.1051837300072
635.2375068934698
638.224668893352
633.909226467169
639.2882198253066
633.7492461774688
641.0145986371426
633.6841095573772
640.7135328213081
634.9147368123912
641.3960526613415
634.7941808724829
637.2807973011404
634.2812370947631
634.7399926583578
635.9892593542654
632.9769159567082
639.41584124304
633.2710523147049
640.358928165539
633.4228202559599
640.4860914153534
631.5980951865536
637.6466427565804
633.1673364894115
635.425640350633
634.5269315483879
633.0706786312672
635.0018669718702
630.426516903
636.2373800569886
630.6909295802982
638.6262813069852
630.3200681254452
639.2886480467014
631.6094106083133
637.9290644701366
633.4432573424737
635.9530038846897
632.9220963247343
631.5603539295391
634.2187063125288
629.0027544335943
635.3655118415107
629.1665551557543
635.9152098684
629.4528529541369
635.5254170856654
629.9915127974423
633.455375218719
631.0353849563563
632.9597950154721
634.2225978348497
632.6060931154675
635.5765098510068
630.3810402909037
635.8550691583393
629.6405017158972
635.7661784796328
629.6914285588283
635.7088718730635
631.332437852536
635.0341070539795
630.1869178870681
628.8088768481564
628.8212896381782
627.1277258059017
630.7559836267986
625.9550702334031
632.8215823570375
627.0618913859851
633.9115787520275
628.169666115036
633.6244000246974
628.7995743372041
632.300744332956
626.7174533364029
626.766773133173
625.6398101740114
625.553401204112
628.337939583733
623.8610947523049
629.5722552134841
624.0571510569896
630.656559899691
624.6833942985162
630.8785424061953
626.916851783313
631.7014833849524
625.9552002235276
626.0449859259173
626.9703010569492
624.969607469918
629.0824597866357
624.7630588189004
630.1369101507385
624.9507363348422
631.8191225370613
625.3639976370221
631.9758420759246
626.9157526067793
631.1008726476539
624.680907337351
625.3224961399927
624.5811976866552
622.0061005546827
624.827007665533
620.0100528274163
626.2177338237523
620.6359627351117
627.1090724541594
622.2369194833822
627.3361320477444
624.1438413852917
628.0160921516623
623.8766238826089
621.9520166125028
622.760410897527
620.7337837347151
623.2072588844567
618.9096504985686
624.2989220450376
618.7642661976467
624.9969619629512
620.4514563270228
626.2062120494032
623.3483857877729
626.9117221300702
623.267955252525
622.8294031146852
623.5766614951813
620.1162872062732
624.4841519314836
619.9661967303851
625.7604847392626
620.5703480821102
627.3912152020906
621.5733407530598
627.5004812971346
623.3710463592348
628.0293215544045
623.2004573883826
622.0545764979311
622.7406672133836
622.7985809205188
627.1355348042867
622.9167407367386
628.0082494873083
622.3488016904436
629.2347194445971
623.0656429558255
629.0165075125988
624.6984801393664
630.0885527942971
624.8568275656726
625.5355474904464
624.1843819034245
624.4072904792102
628.5062848111373
625.9648137291774
631.7123573199184
626.8982418559881
633.096785287097
626.9538128813297
633.1919311418671
628.2235189674558
633.520410894355
627.5027211132602
628.1782996883084
627.3203800384947
625.8008298795819
628.1065692308774
624.2451384070779
629.0506258409016
623.2635394358562
629.545835572164
623.3406367821095
629.2451156059394
622.630437533884
627.5160793414261
622.058771157952
623.928906002741
623.6710591682058
624.4766670501795
626.3423619804148
622.4559850467328
628.3586277215383
623.235396667271
629.885225918101
623.0899514515322
629.7361292948098
623.9291702851879
629.4958074667901
622.768926868245
623.2076530887897
620.8262055277165
620.5934245679
622.1177374110345
619.42750970906
624.1897020591686
619.0532413726158
626.208634293365
619.1405731080065
626.6898783570089
619.7137427844107
626.176999450606
619.9861996284354
622.0990492914902
621.4894769747457
620.7499619576843
623.9286826276923
620.3986338878775
624.7166627268541
619.0043203929661
625.4367067813554
618.726077303124
626.7360973329965
621.5850803605407
627.3647176539772
620.6057830654005
622.5397791637163
619.8296957621841
619.0691261441199
620.4296121656123
616.6915472527697
622.527065491405
617.8512311186615
624.0496616962935
617.6484650923276
624.186641920053
619.4538340662807
625.289860866919
619.7726619645595
621.2738851045281
621.0535215892746
619.9185387117881
621.4107408884371
617.6702954946104
622.055937645189
616.4038182520744
622.4669600368617
616.1573692603778
622.4496508399463
617.4541866136954
622.6472780456312
618.2888035023673
620.361746724684
618.7073268189885
617.4053344917279
618.8959817972514
615.0449988638434
619.4947670743488
613.7894042420924
619.871178492735
613.4555351945507
619.6670242570478
614.5605628903294
620.1356856577233
616.3445880417084
616.3516022707131
615.8080569252737
614.9195564466461
616.5650930507488
612.5335007799189
616.9264202261173
611.4563255242093
617.120268701412
612.4006204475174
616.9655301373783
613.6064587142876
617.17079012346
614.6300779859057
614.3258102855013
614.9837884266884
611.6462424527895
615.9481861574319
610.6588797495524
615.094722660551
610.7672529416026
614.4305058832774
611.291750041866
613.7933821353388
612.9316303797265
613.5311685632994
614.2160495518124
614.1454150171462
615.3959827514534
614.7516086718445
616.0507778040093
611.9969164010545
616.2021816582817
610.1353219859737
616.4435857876423
610.482236980961
615.9414566898321
611.4496923916437
614.0759473746567
612.6881588931559
612.309195861097
614.720871724192
610.7536337886405
615.3131742231042
611.6776322025962
617.0010805821979
611.0367118899968
617.0338589115147
611.8085657473916
616.0832382911035
612.8675385537297
615.4004415745608
615.2109467327803
613.6504095717532
617.303211221146
614.3522601802119
616.6714321097992
612.3660304885025
617.5692934212943
613.2004022314815
617.9592099015011
612.7515823824056
617.3190965705762
614.5777919196289
617.1599512145957
617.2093644647407
617.6744802257164
618.6455089039056
618.3278790865352
619.3483807510925
615.3730897144152
619.4612792717293
614.0293172242043
619.933489918395
614.725767373551
619.5823949214224
616.4218604559884
620.6059460079434
618.437295815347
619.2633215100052
619.6176062297451
615.9417885191822
619.6023250392417
615.0066375308683
620.3887389001534
615.6934041125152
621.2948309659388
616.5716416340094
621.1608733214758
617.2014581480021
621.6196776466054
620.6490146876242
620.5608463166388
621.7996006906113
620.5269377282812
624.5126475427717
621.5854700857276
625.7441531995321
620.4121124738487
625.8838528409073
621.1948789025661
625.8275959994286
621.5479745898608
624.8059303339817
621.1732339265752
621.1835631311094
621.1817392537511
618.2451825646089
622.1146905373139
617.5618145736503
622.0160772139717
616.2870230277131
621.9860322729512
617.0987125280094
621.9831916635113
617.5171239376558
620.4769723291231
619.4270609550371
618.4982572381862
620.4496949487869
617.0456890908014
621.5410397653111
616.0278484985555
621.6139705403381
617.1633014244849
621.1612807782208
618.088201980088
620.3342042178322
618.4216030867291
619.0747366093208
620.6491066475785
617.9519118799868
622.4750526558939
618.0945796246301
623.9297933668258
618.185366845159
623.2842209352783
618.5161317549057
622.4518432835588
619.6475315535336
620.7942469268584
620.9871799164903
620.208191216371
621.178370935334
618.5224691649875
622.3586774681659
617.4911446168319
622.821518134463
616.8577917887768
622.0527580097902
617.4452124103489
621.4564649765971
618.460440199648
620.523244099101
619.2146377563436
618.6215484825588
621.2231757465771
617.8517390221858
621.9364461517338
615.9699124282894
621.3681364984367
616.0808274173211
622.3436170065313
616.995297779715
621.9986800182079
618.1824830557813
621.0572103033013
619.1576537931364
620.6196102741771
620.8269486170743
620.2679741176978
623.4891578915551
619.0951343427432
624.5166769319699
620.3858819934087
626.3198909877214
620.843081610329
625.5330438962591
621.1014664055897
624.340010141954
621.7947856145678
621.6939476144067
620.9556879445588
619.6662090342013
622.9005188106661
619.9591413185422
625.404362422937
619.9976321476594
625.3035414173406
620.3561144185702
625.101185225379
620.6325619794511
624.007279988173
622.3928482369902
623.8076939051111
623.2577960906136
621.6680945949616
624.2996862116395
619.6734723988269
625.0679628580433
619.7759561380833
625.3116520148197
621.1668462834056
626.3504148145917
622.4882516803806
626.2928051378344
624.2718577818139
625.8470185012018
622.8199298912915
619.9073732569526
622.8302334071366
619.1517345136415
623.6936645645037
618.6625296571253
624.3807063632377
619.2926598846267
624.7288561113545
620.6431615330647
625.3625371367366
623.7812399736157
626.071152137983
623.9756429449003
619.79581750222
623.1273734784712
620.3940483257522
624.9365846250267
620.055989168015
625.6232151874517
620.6825651357265
625.9550867077497
621.9742464836656
625.7769378876882
623.5288219325787
624.936279361723
622.3805791163593
618.3678243498643
619.9716943375793
616.0900050490969
620.5222936800575
615.6721264737528
621.2017853238057
616.2605742940249
621.540233636511
617.5477753500056
621.3289083036796
618.7595096954042
620.4234384467774
617.1400008652946
612.3783840558798
615.4342021267634
613.2047489991646
617.5603809168779
612.8310653030328
618.2606346218134
613.3831540819599
618.6143868240631
614.613839628659
618.39708074687
616.5725361590243
619.0014853026984
616.624900731437
612.903439344964
614.8048548936737
611.0949504077378
616.1700825485857
611.5068617540053
616.8451180597825
612.0288012099411
617.1944000208166
613.2266864727458
617.1003826592274
613.825244294625
614.7343565447223
611.3190141832108
607.0713451382653
608.5396256193205
604.9689031468212
613.6361341542648
608.106988919616
