nan
12466.747
6389.1284
3770.6765
3125.7595
2889.603
1958.0802
2762.8945
1750.2904
14633.678
1712.1921
1062.162
14847.024
3436.504
1595.9585
1933.6456
1526.0463
1591.8441
3617.9338
1402.5931
5666.365
1384.3866
8337.937
1577.0105
1955.5696
1327.7465
1570.8538
13682.704
1671.2999
9913.037
1318.9736
11274.333
1134.5834
9904.576
1157.3843
4551.79
1247.4441
1804.3942
1144.0464
1260.2567
1311.159
1031.4453
1632.0605
966.1484
2726.5696
994.28687
4120.513
1015.0348
2176.4905
1100.8184
1311.0186
1209.2155
1029.9987
1103.7372
938.1382
1327.4259
882.4853
1787.8809
876.86487
2132.6326
910.12897
1570.6982
925.8194
1161.6593
958.0179
993.19037
1050.9968
907.72894
1198.1597
864.1139
1458.4808
864.55927
1615.0471
891.0005
1333.7322
947.39453
1080.3722
939.2784
964.08264
1022.9142
899.57074
1161.663
862.7192
1351.9668
854.81445
1430.8533
858.7663
1233.3462
960.21606
1057.0562
978.6463
955.78534
1009.7532
906.0155
1124.7863
870.1127
1290.47
874.15643
1363.4816
926.13257
1234.5653
980.0932
1081.5138
964.0124
986.00995
1036.0754
930.0646
1170.3538
906.6103
1380.2031
914.5995
1500.6995
936.5716
1363.9159
954.9236
1164.7903
991.37006
1040.0233
1096.6375
956.8543
1246.055
932.3828
1425.0972
896.63513
1459.8055
907.2645
1276.7625
915.07275
1086.5327
943.41003
975.8277
1004.88293
919.55493
1096.6664
914.9345
1194.3702
890.30066
1206.6912
880.3123
1100.4354
885.9827
991.9051
901.3418
914.57983
937.1734
938.15717
987.9146
939.63727
1035.2144
922.4248
1030.6791
919.56934
974.1258
923.05426
917.3706
918.6432
889.64886
924.8521
912.68164
910.2377
934.01025
920.634
924.1458
904.6373
943.77014
878.7072
943.6982
861.2475
943.8068
904.90894
942.7023
941.493
905.92175
935.6086
860.33746
952.10016
852.8017
962.00146
850.34064
963.9012
895.5273
944.0242
976.5802
947.77716
980.26013
912.79456
962.6238
834.5809
969.2429
825.864
987.7807
829.98126
966.0545
906.1206
980.0588
947.3195
956.7464
963.5899
919.90216
973.87616
863.19025
978.51056
857.08093
990.6673
873.64746
993.745
896.792
975.3741
931.7259
948.0459
930.78284
923.703
933.1062
884.06335
960.9022
871.99927
979.8419
883.37256
991.6351
900.08185
989.8169
939.42444
975.8508
961.251
923.0688
962.776
907.69666
975.1799
873.7763
997.6114
900.4121
1014.1141
913.31866
1016.62726
932.0794
986.4239
945.83826
921.18976
947.1316
897.6355
958.5214
874.1852
968.08813
862.6703
961.279
857.4774
969.5918
922.45593
951.97363
948.75543
944.61536
950.5182
855.5836
984.32214
843.53
1002.72534
854.3415
989.2819
887.34656
986.31757
926.42456
942.25793
940.8508
915.5969
964.71936
894.962
955.256
867.6235
958.7388
867.1728
955.68317
869.81836
930.3506
905.77924
895.70123
913.6079
865.9161
910.2645
846.3612
910.17896
829.76764
901.87274
827.2293
907.74756
865.60223
911.29297
871.7112
875.1096
876.2768
862.89557
881.06177
833.0139
901.1259
822.48236
913.4318
832.725
934.11993
855.7962
915.5311
872.0807
867.1383
872.55286
841.2317
870.3695
820.9748
882.11224
815.94226
896.84265
843.0223
904.23694
851.02594
879.284
864.8653
875.33105
883.4541
851.56573
880.18884
834.97943
895.47
826.4326
902.9954
842.6949
899.15045
859.26587
919.92566
877.9773
886.3035
884.87915
863.98785
908.8575
847.6391
902.55115
846.3512
909.81836
858.22327
942.3855
877.7732
917.4951
897.55756
899.3441
902.1824
870.6394
904.1419
853.54877
896.23956
854.0282
899.1359
858.9702
906.99524
870.5411
896.4313
881.30927
886.87225
902.65857
861.19727
920.4179
844.6346
916.0287
839.76544
922.41327
845.6646
951.06354
864.2443
931.027
898.7008
884.825
916.31036
867.9931
915.60596
849.512
940.76733
851.4847
948.41077
849.3454
955.948
873.3632
914.4383
909.94
889.4753
928.70197
862.41156
924.7803
848.6816
932.4325
852.2173
950.1278
856.17084
960.1904
898.31934
944.4442
905.8896
885.24475
914.58704
865.01654
923.44684
847.52734
942.08264
844.844
948.3178
841.1699
946.6981
883.6862
935.57104
898.07654
898.0405
909.92505
854.83527
914.95386
840.4705
919.66174
837.8007
935.47174
849.12555
939.3915
885.12683
924.6695
900.18964
906.57446
918.3454
867.5936
931.5173
839.7265
954.6235
832.6333
996.7291
834.1727
988.9973
892.7853
976.0229
903.043
948.4471
926.827
891.3552
946.5392
858.3806
979.9432
847.711
986.97986
867.2227
990.4234
882.2816
965.6485
903.332
959.22284
940.3043
933.4966
982.3944
883.0886
972.73016
871.40497
986.22906
875.7527
996.3885
917.7284
992.88104
921.09247
984.87164
944.3242
911.4002
964.74945
891.54956
973.833
888.6229
972.37146
880.71344
970.5646
891.2922
967.07196
907.7588
955.90674
932.2892
931.0282
959.0548
884.8007
962.81946
880.51294
955.91394
870.4784
955.61255
888.56525
962.5829
916.98334
951.1432
940.27625
917.7135
960.19696
892.0546
975.63257
887.0796
991.1964
885.4594
968.29486
883.84143
961.8097
913.32654
959.37244
947.5474
930.585
962.4365
909.5799
974.6031
898.2754
959.0081
895.321
959.2034
908.98663
966.90283
934.51917
947.76624
952.5614
937.547
969.1685
912.98785
954.8796
895.2515
959.19556
898.3056
971.1683
900.88654
950.6521
923.6546
959.4783
958.9895
942.3509
959.26373
896.62366
965.66437
888.70294
973.0831
901.35614
962.1129
928.692
965.7451
958.34875
953.97314
967.4118
939.2777
973.6965
930.5062
981.73193
918.90753
968.4988
924.13086
968.68097
929.184
963.9219
938.09094
959.5924
954.18634
918.723
966.15875
890.13116
970.43756
884.59717
977.17926
888.54926
960.9629
903.23535
945.64276
920.18164
942.2762
942.5886
914.7509
947.92377
888.1619
939.4023
879.30426
931.1753
876.2017
933.73456
889.8304
930.66516
907.0757
917.396
912.7357
909.99255
915.89386
896.6604
917.8284
888.0665
923.0503
895.32245
928.6634
911.0454
933.0111
922.5716
935.00287
931.6635
922.8356
928.8292
906.67004
929.14355
896.57635
930.0402
903.41205
934.72577
919.13416
936.10034
927.9556
931.2623
937.5893
931.58734
948.0506
920.9545
955.1836
915.9058
960.8092
926.5512
965.4836
946.5678
968.764
964.04065
969.0451
979.9171
959.426
976.5673
944.5045
984.5197
942.10565
989.63544
955.2023
993.50574
976.6041
996.1017
993.78864
996.96136
1007.94244
995.5002
1007.9524
981.2215
1023.6929
976.1958
1029.6653
987.8918
1033.719
1006.94434
1034.4366
1020.61304
1030.665
1039.5071
1018.56995
1042.7323
1004.5229
1045.1241
1002.2942
1051.7052
1014.32007
1059.8915
1027.5927
1062.7207
1040.3412
1068.3665
1055.6952
1073.1841
1066.5735
1052.0844
1073.6754
1037.0419
1083.6978
1038.3705
1093.8815
1050.2119
1103.1454
1056.6808
1105.9692
1064.7318
1071.8218
1061.4637
1048.6055
1069.8539
1037.4109
1078.6349
1039.645
1085.4905
1040.8331
1077.9214
1036.5013
1088.5927
1059.366
1072.0454
1074.3738
1060.6172
1084.7921
1046.3646
1087.6663
1047.1976
1087.1785
1046.7197
1086.9839
1054.6151
1091.6816
1052.9269
1067.9766
1064.108
1046.0115
1062.7314
1034.6543
1075.2356
1027.1532
1085.3772
1039.6901
1097.9757
1057.4606
1086.9224
1045.7129
1046.8698
1051.1285
1030.622
1036.6704
1017.9599
1053.3407
1009.5244
1047.5135
1002.92126
1031.276
1017.7413
1021.4346
1006.729
990.03656
1005.4041
986.6994
1015.92926
986.09064
1017.53064
989.8268
1029.9443
987.17444
1019.8907
983.2744
1003.0072
986.4064
994.09204
993.78485
994.9429
1019.7475
1001.48553
1041.2959
1000.45447
1039.7256
1004.0009
1055.1423
1029.1039
1067.4115
1056.2719
1074.3817
1077.2723
1053.0287
1073.896
1022.8707
1073.377
1031.9501
1068.5208
1029.6304
1072.8683
1053.7329
1061.6304
1058.5828
1074.6552
1087.8518
1064.5829
1114.5464
1075.4478
1132.6694
1075.0856
1126.724
1062.1295
1113.3823
1060.2874
1086.9946
1052.4393
1053.0105
1053.566
1037.3127
1068.0336
1038.5712
1078.5095
1034.6068
1090.82
1032.1667
1092.8755
1054.0027
1081.7544
1041.9569
1060.2042
1056.7352
1048.9164
1058.6544
1028.7703
1075.2644
1031.9757
1096.3442
1048.8436
1102.2676
1041.5481
1078.3046
1049.9642
1058.2932
1060.5392
1052.3425
1072.345
1052.0132
1092.7961
1050.0532
1097.3595
1052.4099
1101.7175
1046.0094
1088.3348
1045.6527
1068.4086
1060.129
1049.5679
1074.1294
1039.2354
1086.2157
1039.218
1092.403
1032.8118
1095.0029
1054.5016
1111.8914
1075.8881
1117.8278
1082.793
1091.6127
1112.5244
1087.5205
1142.0109
1089.3851
1160.4244
1094.4755
1169.0767
1101.1656
1168.7833
1107.9722
1134.5549
1117.7081
1127.1632
1133.0447
1109.1698
1138.3868
1112.05
1162.905
1114.4717
1164.4955
1127.5232
1153.5715
1136.4349
1135.6902
1131.5176
1129.6144
1118.4009
1106.4626
1125.277
1088.4921
1130.473
1075.0012
1149.7618
1097.5916
1150.071
1104.8033
1139.325
1116.9547
1131.0553
1143.5302
1131.2253
1148.3634
1140.572
1154.0989
1134.3071
1172.8815
1140.6993
1155.2856
1140.9387
1165.4066
1167.4514
1139.6459
1160.9282
1129.1229
1183.0623
1134.6289
1183.2361
1133.6254
1169.9751
1124.7805
1147.2474
1154.1948
1149.5911
1131.5182
1129.6587
1158.3667
1111.5253
1148.2625
1105.7458
1153.2013
1092.065
1134.7944
1102.633
1137.7904
1107.0781
1103.4062
1090.3157
1071.9637
1102.0214
1075.1636
1123.5123
1082.2234
1129.974
1082.9021
1124.6599
1094.9706
1138.1224
1111.8842
1121.1504
1102.9708
1081.986
1104.6138
1080.9187
1112.4705
1063.0366
1115.5796
1073.1335
1107.268
1070.1157
1099.9396
1080.5148
1075.5009
1067.5153
1059.1564
1085.7314
1055.1249
1082.4336
1054.1769
1099.3773
1074.2543
1099.778
1067.0576
1089.1967
1077.1439
1098.0659
1112.6201
1108.0302
1126.8142
1095.1659
1144.3768
1086.5367
1149.5966
1105.5953
1157.3005
1119.2158
1129.3739
1104.9421
1112.2571
1118.4899
1082.645
1123.2981
1086.5996
1144.0896
1102.7748
1164.9419
1126.5664
1158.6873
1133.4818
1160.5094
1168.5183
1143.4828
1143.014
1128.2759
1152.5381
1124.1829
1152.6974
1124.9641
1174.882
1129.5468
1172.0554
1147.8176
1166.837
1152.1099
1165.6143
1152.4094
1139.3707
1156.5449
1135.113
1172.7172
1135.1986
1175.2327
1138.32
1185.5967
1138.3303
1179.037
1137.4661
1138.8956
1138.5803
1133.233
1154.4646
1134.0583
1167.2771
1137.2773
1187.2479
1136.3265
1180.2026
1144.2633
1181.3641
1150.0444
1160.23
1167.485
1154.9004
1168.189
1127.588
1151.2931
1107.6266
1141.1687
1120.2988
1157.5297
1128.0594
1164.3179
1120.6991
1132.3334
1129.2552
1101.0781
1124.9954
1092.4567
1129.8535
1070.618
1117.5219
1060.1852
1107.5262
1054.1742
1100.6611
1083.5608
1078.5332
1065.3517
1036.0902
1060.711
1019.11786
1049.5193
1004.7272
1048.8385
1008.8369
1054.2955
1013.0027
1031.0151
1014.34424
1016.09814
1031.2289
1007.78625
1022.6739
987.23035
1023.88715
991.9942
1038.665
995.3994
1029.327
1003.1544
1036.4398
1017.3906
1037.0463
1020.4485
1013.8017
1020.49036
997.91614
1035.2671
997.2536
1043.3331
1004.6362
1044.0713
999.2306
1019.97577
1007.95264
1023.8674
1022.09064
1018.8495
1026.6154
994.4398
1016.5515
987.59607
1027.1083
991.7134
1036.66
996.6505
1027.0154
1002.80396
1013.32556
1007.6892
1003.9283
1020.0731
985.59503
1034.6235
984.45074
1041.9943
991.23364
1042.2826
1005.35315
1031.15
1014.1348
1012.916
1022.1196
991.78613
1025.547
987.5588
1027.7369
983.5853
1047.5654
986.0771
1040.2753
1008.2868
1043.521
1021.8515
1035.3756
1036.0023
1005.4319
1041.7719
1005.62067
1053.3395
1007.5535
1072.4318
1028.5035
1079.4763
1027.9559
1075.069
1051.4697
1053.1382
1051.0599
1039.8794
1069.7805
1023.31085
1065.1361
1012.8178
1068.6918
1033.7091
1066.7329
1050.6578
1073.5063
1067.976
1052.4644
1066.5436
1055.7087
1057.3933
1030.7474
1049.9426
1033.9843
1049.933
1051.4412
1050.5045
1069.3374
1058.8353
1077.9424
1054.5148
1086.316
1056.159
1065.8502
1049.8749
1066.5602
1053.0715
1070.5056
1074.3629
1071.8762
1091.8737
1080.1132
1095.6173
1077.7808
1079.7365
1060.3641
1067.929
1059.7649
1079.0223
1066.6992
1091.9297
1077.5636
1098.2107
1095.6877
1085.2905
1090.6056
1066.3442
1088.852
1072.4557
1083.3074
1074.763
1078.977
1080.8738
1075.8986
1085.4758
1081.6075
1094.9749
1087.9604
1096.484
1080.4098
1094.3802
1063.1782
1084.9703
1064.4307
1081.0793
1060.7976
1076.005
1088.5782
1071.092
1114.2976
1076.6569
1122.0348
1062.9663
1108.2213
1047.9915
1076.4667
1029.1586
1054.5624
1018.3471
1034.6753
1021.5742
1026.374
1031.5253
1010.8076
1035.8656
1006.8248
1036.2067
1001.1941
1047.136
1007.2942
1035.4308
1014.60626
1048.8691
1035.6658
1051.3033
1061.596
1033.9125
1060.599
1021.5461
1073.899
1032.0168
1053.7244
1020.1792
1028.4584
1010.7205
1013.4509
1014.0729
1009.5937
1037.6761
1015.2722
1026.7738
996.574
1004.4969
974.9608
982.07104
959.67084
980.248
971.9374
991.18536
990.83655
999.56635
1001.1041
990.65894
999.027
989.922
1015.7195
986.5831
1008.3595
976.20416
995.08563
970.8895
979.68756
968.5075
970.3485
982.4301
965.19275
984.6969
960.2738
974.93713
958.9891
967.1835
948.19165
964.1429
944.2384
963.9165
957.6809
968.37994
962.5036
964.76776
978.34326
953.6209
975.3587
958.8398
986.6126
949.93494
982.4295
972.0677
981.7902
970.6915
974.32056
980.5232
966.89777
998.6671
960.8465
981.7385
955.6596
974.4377
966.5055
973.1985
968.7635
973.4632
974.34326
978.52563
970.7135
979.49695
982.9862
967.14813
966.3891
953.78284
954.3017
947.5564
951.35864
946.79486
952.5973
951.598
963.58704
955.8485
958.08606
954.1998
949.973
953.7728
949.27454
955.35394
940.0974
960.33466
944.9162
967.1372
951.34155
967.62024
950.2663
960.29956
951.0742
943.69
948.9388
933.66394
953.9734
930.9249
958.6286
946.03595
963.5452
958.92957
962.30963
960.6616
954.36536
948.8986
946.5954
952.1271
941.4013
936.2058
935.7969
941.21783
936.9582
937.2873
936.74255
937.6741
942.6922
932.8307
937.7146
928.1437
933.3821
923.35077
927.541
923.4176
921.9387
926.27405
928.2473
937.98334
933.7801
946.17194
937.7459
941.91235
936.8158
952.4514
940.8052
950.7905
946.21045
954.894
950.4751
948.0811
953.06494
943.51556
957.8174
950.349
956.7357
945.26855
957.229
947.9293
959.0187
950.40564
958.0528
958.07904
967.2122
969.71625
962.7676
969.57074
966.7841
970.44586
967.58246
977.0857
961.4187
963.5232
950.3523
956.9065
952.8381
951.2618
958.8367
954.003
966.8016
959.04266
968.2476
962.1846
955.7068
947.06726
956.8712
934.07477
961.6174
946.88635
961.5137
944.5567
959.5513
954.1803
962.93243
956.05963
959.6137
946.3011
942.5639
945.69006
928.16
951.4284
936.5253
954.0656
939.28656
946.0737
941.1517
951.96075
944.9985
946.8808
944.67194
934.86633
945.4992
926.0287
957.48584
930.1793
951.41223
936.68054
960.0438
936.5781
938.89087
922.1936
912.50977
901.2979
885.21686
887.70074
873.34076
892.3224
879.45715
900.1309
890.5233
900.1836
891.5282
904.188
903.87036
902.0415
900.6885
890.9995
909.8248
897.1709
923.8763
899.1447
928.04706
912.8371
938.4513
924.7137
940.85443
932.38434
932.0064
929.26514
909.8927
915.354
907.0618
917.6981
914.65454
922.69934
919.97833
930.8565
922.5979
932.28516
925.31
912.3305
923.9765
911.5796
912.05597
902.13336
908.87787
904.3171
915.64
900.8447
909.7278
898.18976
911.91595
908.7224
910.8646
898.9537
891.1259
890.5154
892.1687
904.7673
893.00964
906.0478
896.0285
914.0867
908.2561
914.82495
908.7259
908.70074
904.4357
906.48157
908.42523
908.44946
916.4583
909.2831
920.1002
912.9806
928.7936
927.277
931.06714
931.17035
921.35693
912.0196
911.1546
913.7589
901.5854
905.18396
897.4714
910.0582
905.50507
915.2189
904.92303
917.1106
916.59314
915.6601
911.9055
897.1259
897.5797
889.6239
900.0016
891.0165
898.2589
898.17456
901.1263
896.3008
899.4825
892.7646
887.50684
890.6052
877.59
874.8927
868.49945
878.114
877.76917
886.4008
879.79816
886.33844
883.85626
886.78516
889.9299
890.53094
890.6717
894.065
892.2141
882.3051
892.5099
890.09705
900.1626
883.65106
908.32227
889.0799
900.40485
889.2015
899.6316
883.30066
873.9955
879.14874
864.54443
874.8603
862.3682
885.9934
865.1093
891.5941
876.73627
893.6411
873.5795
874.14075
867.9146
863.7197
872.4453
867.0826
879.0777
858.0243
880.12823
862.1965
891.274
875.2153
902.0396
895.4414
912.22
914.45184
897.3399
906.7354
891.0293
906.5318
892.1817
907.8799
895.3806
903.7719
890.19006
890.05304
887.4175
888.0957
888.2652
872.0244
878.13434
865.2272
879.2543
866.11505
875.51416
861.004
877.73956
873.4918
876.176
871.2235
860.8345
863.52246
855.5655
858.6256
845.9786
852.0991
840.159
854.38043
847.4463
856.5532
844.38116
853.599
844.1369
848.4276
849.3854
840.802
843.4975
836.463
844.7618
836.73376
854.1305
837.1065
856.8912
848.43097
863.9374
865.72876
856.32904
855.5977
849.7087
852.4676
840.2536
857.34924
848.1952
866.65625
852.3509
874.29834
865.0268
870.44366
871.5682
878.29834
869.9826
862.66656
860.9113
851.76337
866.55597
853.3054
873.6325
860.50995
889.2851
855.7681
879.6141
856.8807
870.4993
860.95966
872.4045
860.3949
857.4313
873.8265
852.6194
870.1903
857.633
878.43463
860.721
885.3658
878.10236
880.85913
885.22485
871.4544
881.00885
872.6056
888.2765
869.6181
898.6334
884.8317
896.6122
884.24493
894.60284
889.5795
895.2693
887.68195
887.9717
894.48016
895.72797
905.5224
891.4807
912.2857
901.6933
909.0786
898.9074
908.8131
906.6322
905.2447
887.66315
883.92236
879.8871
878.1162
881.2393
872.7277
883.2553
870.3469
894.03
869.984
905.2473
867.8387
902.89484
878.53204
882.5627
887.912
877.25256
900.16986
873.30725
907.8525
876.6819
914.18933
889.1489
917.3977
888.4845
910.0567
889.9777
901.72485
893.66174
884.061
894.4259
872.7053
898.65137
882.6613
906.386
886.1659
910.7769
879.33167
897.2505
889.3037
906.0397
907.4603
901.37213
924.728
901.86414
931.3566
892.8444
926.1483
887.3683
928.43085
908.1541
917.36035
901.67224
909.8323
904.4493
895.1513
919.17334
896.81226
926.80194
893.7791
933.03516
909.8356
940.0615
912.5452
930.2897
906.6966
909.7185
902.2984
894.07324
913.28687
889.5084
922.197
899.16
935.3246
902.6859
933.1489
916.1248
923.0428
917.2382
911.3589
908.88776
899.4041
913.10754
893.72125
923.5774
893.8023
924.03796
899.3334
935.77374
915.8578
946.6826
919.51526
913.0838
918.4566
914.25397
927.6559
903.8989
927.614
899.78345
928.6592
895.21967
917.58606
892.7722
899.48395
883.36395
884.3785
881.6446
875.42633
893.5989
883.2475
907.7421
884.58435
906.9919
888.2621
905.51324
890.2224
894.41614
891.16144
892.79767
892.2346
883.54456
901.9703
886.7371
911.5958
893.03815
914.81573
894.8667
926.909
899.947
919.2873
897.0963
891.316
898.8654
889.916
900.57153
890.7695
911.9266
888.5461
915.1841
887.26575
902.8075
889.6879
898.206
894.12885
886.378
888.4
886.9653
896.43427
882.10986
901.63257
887.00964
903.0192
891.9629
903.1724
893.3782
903.45435
893.86115
900.9679
896.6664
888.01263
901.5983
885.38354
909.06024
891.6494
909.6973
896.32086
910.36194
898.294
904.31635
902.0692
903.0808
897.8011
895.4389
906.245
889.82166
912.8117
894.48584
925.3331
909.7473
925.1619
914.2117
917.9719
897.1601
895.9448
902.1575
891.7551
905.181
888.7284
911.1207
897.15393
914.64514
903.119
916.68933
906.9434
918.4728
908.1725
905.58826
908.1698
903.0993
911.7165
903.13086
910.8611
914.87067
915.1283
917.2745
923.0114
917.642
915.45593
917.0424
911.8411
913.3705
912.8874
923.0771
919.7481
931.4681
926.2395
924.1406
928.8539
926.94904
929.4394
934.1892
940.8609
928.9306
949.8922
937.77844
948.05164
938.6862
948.4463
949.8889
946.1743
959.7512
941.07043
956.68524
933.5377
943.9283
930.12366
931.5538
922.78
936.6248
932.4385
934.3251
938.0637
935.46497
943.508
931.46936
954.97864
936.65265
953.9259
942.8696
960.0721
941.56573
954.8968
944.63934
956.2342
941.0543
960.6804
938.8073
955.7575
960.24384
951.27075
964.5169
939.8306
960.54047
929.7684
947.4063
926.0719
928.3706
933.8598
920.686
938.9089
926.58844
937.4418
915.77686
950.2749
904.9226
948.8517
892.75854
941.1915
881.4288
933.607
902.9135
919.4512
912.15076
907.30304
916.4125
904.018
910.7071
863.48987
905.5066
857.7224
911.479
869.4128
915.85406
894.5754
918.28827
896.05835
901.15436
888.18646
878.29596
905.86725
877.964
911.78784
861.9365
910.4497
853.26886
912.4334
878.05646
912.93396
877.14935
904.68054
886.1739
872.5885
876.46246
843.79034
879.84796
829.8577
879.50714
838.0908
892.2269
856.9313
887.0285
881.7812
885.5779
889.65894
867.0941
879.29126
852.6931
891.6982
840.66187
889.87115
854.2333
907.51294
870.00073
910.31604
877.1294
901.8396
885.33636
877.93066
880.8456
845.95056
877.48346
853.00024
889.867
859.8622
900.1042
866.769
911.17535
887.42255
920.98737
911.9801
908.7114
911.89453
887.72375
910.00415
884.4708
920.2402
885.9423
927.54254
888.2642
932.4279
896.4717
909.1561
901.6003
898.19586
891.1447
875.23004
893.1513
864.56476
888.1064
855.8205
892.6327
864.2485
900.6409
868.6927
897.728
871.63806
871.1485
870.8888
871.8115
884.7557
869.92993
903.667
875.635
917.0832
885.5511
936.0155
892.58014
915.9585
888.6303
906.84143
900.17865
896.5168
915.17865
887.2066
920.79584
881.4858
919.85156
882.2432
921.42633
891.2878
922.71515
910.6564
915.9563
924.06445
912.62225
914.2255
894.9422
911.38403
896.3182
913.8026
893.0361
917.29095
904.66766
918.08765
917.0044
931.5186
922.18677
903.35266
912.51135
889.18054
915.6214
885.94995
925.29987
891.2311
922.28296
895.94635
916.3566
900.2541
901.1809
906.9925
886.34357
900.7783
872.6586
901.59314
869.9679
906.0801
881.51404
918.30005
892.4213
926.19617
900.04596
930.2669
908.10706
907.0801
914.60223
895.00323
928.6807
888.33215
936.7432
900.59174
940.3941
893.81244
938.4454
909.2393
931.4298
912.5174
901.0579
911.02246
897.6183
921.54144
890.57574
940.4389
897.9132
942.9779
902.1144
945.16846
910.8688
933.07513
914.85266
908.703
917.05237
896.9577
919.5861
894.13275
932.1933
894.9935
938.4589
900.46375
938.2718
891.07837
928.94226
895.8625
909.3482
912.3728
893.1809
921.81757
887.0795
925.29913
893.70575
930.27386
889.28955
924.51294
892.7744
901.7448
889.955
881.5524
898.07623
875.87067
894.15356
865.02136
898.4477
877.9008
910.78613
893.18695
920.918
918.80927
920.77716
902.3593
901.8578
918.0921
901.6742
925.6516
902.8273
935.811
910.4572
940.54706
925.87305
938.09546
928.43036
934.9292
931.604
926.58466
932.79553
914.24854
930.7519
910.89685
944.9738
916.6024
944.9114
927.9221
935.4495
922.9996
920.9928
922.0748
923.5609
932.6008
911.3509
933.08966
904.9444
934.5367
914.3422
932.05493
914.25195
917.48157
918.49994
917.81146
927.9189
909.2098
914.96765
905.0539
932.90594
907.51324
940.1445
918.00586
943.49786
930.54034
951.518
941.1034
936.5944
948.4712
927.7199
939.03253
917.34125
958.0146
922.03827
958.1627
939.62396
970.2881
949.3405
952.97125
945.9544
924.15137
930.109
908.08167
940.53064
908.44354
933.97327
910.7814
947.8637
925.6433
939.2487
924.27814
933.0533
937.56323
925.34
942.0496
906.4943
923.6849
898.0764
920.67035
902.87415
932.43396
914.3026
935.76514
923.07544
921.8812
926.8173
909.0516
928.4287
912.99176
929.85767
899.308
926.6973
906.8355
939.2826
926.953
951.06805
944.2931
946.6057
944.6693
937.68475
951.6413
923.0288
933.3204
904.7783
933.4474
916.69165
939.0131
917.1091
940.02924
936.07214
950.2441
947.224
942.9077
959.9807
927.9829
950.7989
913.0403
930.9066
906.63196
927.6244
926.54504
932.48175
937.7288
926.451
944.2736
915.46674
941.01373
909.6533
921.5438
901.6895
923.08514
899.0178
919.8766
912.77576
912.9921
921.48926
911.3169
922.94415
902.50226
923.42126
899.10455
915.30457
896.08594
912.42
891.0743
909.0625
908.4783
909.0449
908.65094
906.7475
921.1866
904.17365
932.039
896.4373
928.86615
892.4263
911.23334
894.62006
916.9953
911.4993
913.9638
924.07947
906.28784
918.1006
903.4108
914.5356
894.9616
902.74677
884.4376
898.69135
887.98676
901.2065
899.2728
901.2217
906.5111
900.19165
907.64606
895.4685
891.7428
877.0574
892.02814
874.1589
894.0901
883.1066
896.3188
897.6974
897.55505
907.72125
898.98376
908.64905
895.69
896.7853
886.0955
892.8636
881.6789
893.7324
886.7113
898.1019
892.17084
900.73987
898.43567
901.8675
889.2937
879.8894
878.1014
860.7247
866.5936
855.861
865.4841
859.50854
872.0496
868.54596
878.1786
875.6962
880.3283
871.0569
873.7151
871.9859
863.9904
864.3092
858.5403
863.40576
856.4059
863.50806
863.7465
867.70654
870.8643
863.53253
864.1505
857.49493
864.2957
850.99677
859.95557
850.0901
866.9495
857.9499
872.5143
863.70636
873.3716
870.65
878.1159
881.37274
874.2645
876.9805
870.5342
878.51874
875.37665
894.4334
886.61804
904.51196
890.57715
911.9632
905.33984
920.22894
917.693
909.1429
895.7541
884.38654
884.6508
877.89197
894.8204
886.58673
901.9601
883.928
903.77704
897.0694
915.12024
902.9896
902.11725
893.9217
889.59155
883.2477
869.9199
876.80554
866.2223
887.53
874.6519
895.0051
888.56177
897.55505
875.48517
891.65686
884.357
872.9005
871.32434
865.35645
880.279
869.9221
885.83374
864.8916
888.8007
876.56177
897.0331
882.07294
894.47156
882.6621
886.3956
876.8119
861.5316
874.0516
862.1927
877.12683
865.6943
883.3726
871.6311
890.8965
877.52075
882.12366
864.3756
859.69714
849.35736
840.4883
844.9988
834.53204
851.4054
840.3002
856.1691
844.1489
860.39935
845.95605
853.2165
836.7675
837.02
832.61774
827.25275
837.5043
827.9087
842.02875
834.6386
847.334
838.71454
850.1499
845.79944
854.4577
830.53265
834.14996
829.5324
818.1063
831.69055
817.51306
836.94495
823.16144
842.8362
826.4907
846.61664
827.7797
850.0809
825.8279
830.59106
827.17566
823.02563
827.93024
816.5886
833.7015
818.1598
840.8449
821.21716
846.8694
824.31104
843.3893
818.34503
820.45703
811.14575
806.17615
806.33374
799.8233
812.02795
802.8087
813.687
807.59894
816.9351
806.02386
805.32153
790.6789
789.9537
787.569
783.9542
781.6723
775.75934
789.003
778.6556
794.85535
781.5186
802.7091
786.9192
803.67053
783.10016
780.8041
766.0424
758.2378
763.99854
758.3601
772.464
759.1971
775.747
761.78864
779.2595
758.2277
775.35345
762.4982
767.06934
755.8182
758.1877
762.686
757.1856
767.7901
753.46216
768.8479
752.8756
775.1408
752.40186
772.0752
744.6759
763.42554
741.8235
751.45526
748.44763
745.67944
756.50195
742.50354
758.6806
742.75946
761.11487
745.0069
752.4501
741.887
748.79364
734.9051
739.0089
735.16364
736.6116
741.9358
734.297
746.5905
735.38965
750.6411
731.8562
742.6332
720.2196
729.37146
713.60333
722.9746
719.6378
720.835
730.2428
718.74243
735.1331
716.17926
740.0475
710.916
734.115
707.73816
718.2999
702.5153
712.67285
708.1287
709.464
717.5587
708.861
719.6786
709.60815
724.5129
707.83765
724.0801
697.87305
720.5426
706.4684
710.2968
709.98035
708.59094
716.3457
709.0634
720.7279
708.3254
716.45166
701.55914
711.53314
703.2721
710.53467
703.9881
707.171
710.5961
711.7665
720.18384
715.02167
727.84314
717.843
732.3464
723.3337
736.0205
717.85425
729.89886
714.839
729.8309
724.46967
729.3295
738.65424
724.17596
744.9846
724.59314
742.9828
716.64276
741.9802
720.12317
739.45703
720.1924
733.7266
727.08997
726.8518
731.84106
720.51843
734.0563
721.927
733.3967
717.16614
738.3184
714.10547
733.0466
719.01154
728.16187
720.4602
719.8026
728.22833
715.9419
740.5639
718.20026
739.7866
721.1293
746.0455
726.6141
741.96094
722.2837
737.0055
730.9257
736.8329
742.29913
738.08026
746.4059
740.26575
750.8557
736.485
748.76
733.49396
740.2154
734.1304
741.7216
736.62244
738.0481
741.6087
741.9602
740.3315
737.8238
740.6913
740.06555
737.3907
737.04694
735.2147
732.8848
736.02094
740.32245
743.0249
740.4619
745.3025
744.17676
751.32245
744.644
750.07056
746.0026
748.43774
752.5908
744.60913
746.78345
743.5903
742.56537
749.66486
741.33777
750.11816
742.85284
747.3644
740.72156
747.1422
737.9695
746.9051
737.91833
736.764
736.8104
734.7416
732.7371
736.63196
733.419
735.35724
736.45135
737.0538
736.62964
737.49054
738.8334
747.026
747.4141
744.0773
744.514
746.6726
747.4295
749.51385
746.7213
749.9918
743.41736
747.07263
737.4627
743.1015
740.72296
744.8573
739.8764
740.54376
741.796
740.5308
744.7542
745.6534
751.99066
749.2748
757.41693
753.8002
753.53674
750.6996
752.24084
752.6185
757.7717
761.1
761.9786
762.23346
758.8903
760.2789
750.006
753.42706
748.58014
748.19507
746.78284
751.05927
744.4986
749.8314
751.5412
754.3338
758.41016
759.38245
758.8022
748.45197
750.1455
747.61444
752.52747
747.90607
754.03503
747.52686
747.76624
749.32
749.4523
750.5062
749.32574
751.68665
741.0379
747.79816
742.4973
751.7873
750.163
746.8296
752.6196
755.28375
754.24115
751.5704
751.96295
755.1866
758.5489
761.02185
760.5905
762.07635
755.98016
751.2688
756.66174
761.0423
758.3546
758.53217
758.0749
757.14874
755.64545
758.74896
760.47815
760.86304
759.99225
758.48706
754.3991
750.9099
756.1047
755.66064
757.25525
760.755
760.3259
763.3844
760.52344
756.8231
756.47766
744.8165
739.3875
740.1453
735.0219
731.6936
727.1823
729.4802
732.9962
732.2385
735.1221
735.0644
728.87427
726.58014
714.5575
714.4243
712.76575
710.21155
712.22943
711.8953
713.3592
716.33575
716.2926
721.1034
719.35144
720.4968
719.36005
710.3849
704.44
696.2255
695.73834
697.20905
695.56555
699.5526
698.18665
702.9185
699.9645
706.52795
699.2659
702.96875
692.44226
691.76697
686.59424
687.02563
683.52014
685.8502
688.00055
684.50256
692.92
683.1919
695.7395
678.3136
693.28284
675.7072
687.7591
667.80664
673.35913
666.61395
667.0332
670.84467
664.144
676.8943
662.46075
682.90564
657.4178
672.61456
650.56995
658.84955
641.5341
