nan
1842.6868816158837
1261.8866976524848
1317.969684564926
1041.7163357000213
1260.2825166408443
969.000712165831
1249.4772430116752
972.5315519835357
1800.8154134035235
1000.8802729930319
1038.4628140152
1810.8277118487788
1026.6702136308113
1051.5239732007547
1011.0275898499426
1085.5718954661459
987.812712070224
1243.7056597440085
972.9174166474487
1401.2396145494224
975.3125372827883
1617.8941058362427
992.586372078604
1122.575432350451
1021.1551602005707
1061.264843526718
1771.0158758813768
1022.0654862758541
1593.1039715719473
986.0758145029997
1667.6995824565827
966.1398708679926
1429.23304977535
962.8691626662311
1372.4092609522197
974.7695495008818
1107.6484860760274
998.8464710601863
1047.9462630197893
1025.3542742361724
997.1147940885717
1062.3176151415973
964.5316765388218
1103.8307002478969
948.464646460688
1250.752995212874
948.1408325847423
1159.1889331091397
956.7927132100651
1055.5553447029406
972.5907457235633
1003.7059926885346
994.3206706063629
970.8653906692203
1015.6367128173052
951.0690627510592
1047.6717963991891
941.4447521632785
1106.7416789422064
940.7331374305583
1073.1512227764476
947.2676387333044
1023.887202909723
960.2725835917103
988.1538638041887
978.6366408654117
960.8966193891838
996.1711769425823
942.9851997459435
1015.8822027798997
934.5257502150848
1040.788662668788
935.0600065784334
1023.9445834054036
940.9075524248133
996.4156410019287
951.6937782515902
972.1774828191599
966.9819529004951
951.9181643930714
981.3379723158697
939.8552443841453
997.7408073157815
933.5381557023861
1010.0787093425668
932.9430573904997
1003.9919865377516
937.9074195125472
987.3983541073426
947.1060737974447
967.2519810389811
959.7246944384837
951.0836480622788
971.9819686185299
939.2324240720372
983.7715443843573
932.6125105798906
995.8013683950969
932.634865782789
995.500082275243
937.6362525336864
983.472264554543
947.1196748827366
967.3194480063817
959.626550113964
951.886358091654
972.8746477713543
941.5518086897195
991.2545314460993
936.4488597587464
1011.7466211110889
937.165878718933
1008.885385195471
942.2114732318297
989.779738655488
951.5993911575966
971.536596690194
966.0424083740933
952.3706859446818
979.6004837670756
939.6577166508988
990.5541094942284
932.6074938953274
995.8870529150472
932.0672364536284
992.1723774621753
935.5189958248793
975.2328423286328
942.7903908008589
959.154942466022
952.9803794751713
944.7598653624636
963.1614622225122
936.4658070023057
967.0630943444694
931.2449892473908
973.8353002949351
930.7582905218127
971.2601157407717
933.3868184224922
962.2359352717806
938.5001244878641
948.7816294162278
944.5691388961749
939.6613629879228
948.3620986015779
932.838114448474
948.0474042111289
929.6799057858152
949.2348772528708
929.6968542719077
949.8765681191197
931.2146182967609
947.0139761903387
934.1527488847528
942.1443325473526
937.5422185310852
933.7401265884845
931.1002690731233
924.0112578309408
922.4326362512479
920.9247368266842
917.59231882609
920.8985067314804
922.0650340918683
921.688828028342
927.303175158984
922.3506688153351
928.0168509649042
922.5066828275609
925.1298042274879
920.8007953630914
922.6478859124906
913.8029666451563
920.3971436294535
907.3064579371945
920.4609533938566
913.4575364019092
920.9449558799146
920.6061878286664
921.1501600999401
925.1905426242491
919.972931008858
924.2057583287143
916.1987020889931
921.6397737122103
908.2650852381411
920.9434143199295
903.1943384297824
921.462425124915
909.7030627145995
921.7444815931683
917.3431154004265
921.0208282496772
922.1297007735232
919.1032866593025
922.4213975749898
914.3103071571411
922.4069977091692
906.7477134223953
921.9880696658154
901.7735442372732
922.4169191506362
907.4228218308688
922.0581681550216
915.173669900706
921.0224716015746
920.6786403342069
918.7247833613573
921.7003592884508
911.8953744182598
921.8262776063123
903.6028870649985
921.4300418232175
900.2852695652516
921.3845091457723
905.3025934074111
920.9906510015664
913.25557083809
919.7487770203321
918.7224679633035
916.5288379913286
920.2839280116135
910.0879522640519
920.4408916666455
901.6695572201082
919.6743521643831
897.4244441200993
915.8375524014665
902.4370364480972
918.9612456017791
910.5140701266704
917.5758545415288
916.2937209412567
914.2139216473619
918.8666865469322
908.3419380822291
919.7504739558237
901.4735841873886
920.0357528956099
898.8396327461572
919.9649742999424
903.6261553332423
919.34461100423
910.9312748292219
917.8205202605302
916.4287263387705
914.7904815190827
919.370165111966
909.3869538537563
920.2961573471567
903.0912891178477
920.4476777989044
901.8806171641376
920.3628701443756
906.0318426222545
919.7964897137011
912.4236786918497
918.52855584026
917.8882843345916
915.6040333377546
920.4423199570742
910.6374578237441
920.3511380776262
905.8008949264233
920.7647533856067
904.4263309466527
920.6911834501101
908.4479257299914
920.2438997701701
914.1041498041125
918.9527104194168
918.247966979907
916.6372380798178
920.2362734046112
912.063194046364
920.7977312700128
907.5768708633026
920.5575490285102
905.7828302468243
920.5629160820936
909.4039700289317
920.0985239259056
914.4067960337708
919.0856085972687
918.5289911808579
917.1099767451285
920.7455344647599
912.5276905085541
920.1346548740291
907.4492925858199
920.2607823459779
905.8585383083756
920.2299067898913
909.130733837845
919.6493992275032
914.1710726308831
918.550890961192
918.046858982512
916.1697628222779
919.3878947456338
911.8430187883631
919.6026880845199
906.5094454243332
919.3155291029452
904.1992586958709
919.1053048564261
907.4140914773902
918.6537353624368
913.016612377815
917.274859892427
916.9490967113645
914.7964439876994
918.9764938649244
910.425485123285
919.1606493332777
905.9606908452284
919.3927812675411
904.7089392893133
919.5004858235327
908.0874911783686
918.8520622265885
912.7180130806248
917.5071930823915
916.48583879112
914.9802408440567
918.6277740609546
911.0605899570047
919.352777420394
906.9323290064066
919.6217922414918
905.860877597115
919.5646000105997
908.8204353589784
918.9245311175001
913.3224056635803
917.6874589705066
917.1678663094224
915.3570515503517
919.2943207383815
911.8308141224381
919.7438357685676
908.1085560047759
920.1280922786473
907.0036553930887
920.0996496348375
909.8739401294141
919.5772677430028
914.0795476178629
918.2695382417586
917.5529724906239
915.8639694891865
919.0630153284596
912.0151491521726
919.9005649491122
907.882770044327
919.6226899792142
906.2593695816121
919.4685037134388
909.350205065016
918.9910947850137
913.4704548072464
917.7789531391072
917.1196070336176
915.2914098283749
919.2696828105213
911.5038583177013
919.0146073576772
907.2344878944369
919.3287566472573
905.6672589735991
919.1358403997887
908.4248377145168
918.4598250267652
912.7774387991971
917.0109434447037
916.5581460585672
914.4398899237011
918.6421493494641
910.7686779710962
919.568711310562
907.1919558843674
919.5638557837041
906.5248663836318
919.4253120797443
909.3866503423163
918.7121663722637
913.5929399365185
917.1892602972362
917.2797589697877
914.6454480976264
919.0675767133899
911.5309596824421
919.9583758383653
908.3448726272753
920.0380759403856
906.9113360576852
919.6375957397628
909.4937326137441
918.820288277853
913.7293192122992
917.2522934971742
917.1179204242089
915.5698438024377
918.5660299335093
912.0386341581328
919.621138703938
908.0330902707385
919.8665006404134
906.6865941558262
920.0481949517168
909.7185930865696
919.4975334590971
913.814999335302
918.3073062582475
916.7550561448229
916.8480342103659
917.1786442810799
911.3559057002302
916.7789960690491
906.3423464245682
918.0780652713325
903.0733163923256
918.5149869902136
903.7615688369397
918.3916984582855
907.6759702948845
917.403256946736
911.9408938164472
915.165258761197
914.8398695423422
911.226199969793
916.7424797033855
905.1763819934758
917.444271874984
902.0084862176204
918.1934110983052
902.77782891806
918.1329390191892
906.8535780949923
916.9700960574985
910.9117706107528
914.6386142616967
914.077393065543
910.618870263789
916.3466995005947
905.3852644303402
917.3273993846672
901.8579656288359
918.0467661004109
902.9856588531337
917.9862607048906
906.789291434842
916.948366962096
910.7888367657955
914.4374975095789
913.8897493251603
910.5310719263844
916.5286735997107
906.109384503922
917.9700753128602
903.2342366464204
918.6892375310546
903.9923849874377
918.6144710386488
907.4455373748585
917.5545023299368
911.2993617436476
915.3253841527428
914.5534963546258
911.3726986615404
916.0319712967779
904.9960890289274
916.8539011915244
901.5302833249171
917.4065629919656
902.2976973885714
917.3452697422567
906.3501968851062
916.1278093128204
910.8783768870118
913.5949638179262
913.810041985845
908.6603875066061
915.6007045341072
903.746640648124
916.5315711276904
900.9062762962635
917.1548781491948
902.1059692000415
916.808664035026
905.6450635045427
915.3558854775124
909.7672962969616
912.505263916802
913.2028252973291
908.8977413908592
915.9033796510621
904.4891203212661
917.0239609434295
901.5360287769553
917.4490764146054
902.3113342413081
916.9876930440361
905.9939238255257
915.5875489199659
910.2934480379666
912.697688436443
913.4589482711903
908.5383076307683
915.2935554663516
903.7421829059078
916.4072011395124
900.7520209276915
917.1548598114427
901.9875095663285
917.02061665865
905.7828509059165
915.670961508168
910.0620849090744
913.9100454834662
913.5287748239446
908.8452120029099
915.1373429606692
903.8268822999459
916.2014976583008
900.453056039089
917.0350931193235
902.5529797002744
917.3406775423463
906.943315557921
916.9731390925459
911.6614019010095
914.8440440231184
915.1411869608972
910.4733791568556
916.366845754455
905.382391307187
917.5085251248108
902.294900360914
918.413551404761
904.0147425020285
918.6563999262169
907.9213664925115
917.6366027583787
912.4373373182495
915.5378942399363
915.3384017502518
911.3671827605938
917.3912837719913
906.507292268896
918.1614063512205
903.3389778214357
918.7584698399776
904.3060858669874
918.7523417481863
908.0798883764342
917.7634026076471
912.3533913070095
915.5285571220584
915.8224553764434
911.3313571525255
917.1285531215384
906.9205408701926
918.1755384848841
903.8164251872571
919.0392921035052
904.9335892114228
919.2557812125914
908.7417723816078
918.6205978917743
912.8379577631107
916.5805019942953
916.3220635626496
913.0316261181564
917.0361841240577
907.2789090255528
917.9417856040926
904.0880559742748
918.8687426699397
904.4088530814499
919.3585021662321
907.920904311321
919.0864455645557
913.0747157713384
917.7188200603595
915.6439398759022
913.6263674016039
917.1595841978839
906.55804207813
917.5132949068598
902.6423033539176
918.5546811670914
904.188171099143
919.1563650302862
907.9766209716381
918.336902585961
913.285302992306
916.2949555016253
916.377105205972
914.1910253611761
918.552873580491
908.1494588642245
918.8028026689315
905.4101744677703
918.7584355621557
907.5679951173688
920.1088332707417
911.2248086734901
920.7115334303306
915.5595460860949
919.2857914019573
919.5160751275919
917.3430942513265
919.8942185803504
911.0199174919846
917.9751217853478
907.3740734509236
918.7659089703483
908.6349346855594
920.863476688034
912.215047329903
922.126842365521
917.484510126685
920.2664276307015
920.5593532881468
918.6236804503949
920.2661384311364
912.186519322389
918.0460982631608
910.1176640935934
918.7238064153228
912.5174176546841
919.6996429838534
916.0207082219468
922.1359374447759
920.2133236023885
923.5934688441439
921.3807567577213
921.5971785330088
921.0979703977479
915.6428862024125
916.632089353902
912.9689954351844
917.1537644329713
914.7945352894939
920.883453855809
918.6251104850554
922.7893239075667
923.9282505714692
924.4548918686803
926.2929507809156
922.6931969875856
922.8464521577156
917.0503792637397
910.6796736681438
916.0294620214813
917.4506740995012
919.0251638426046
920.7020252971146
922.6987567471986
922.2130002691732
923.756242077728
924.0221322351883
924.4999631545991
925.4739287503694
915.9313237342614
920.4559223237422
908.333661141303
918.9864925918789
910.9500837350564
921.2220949787662
919.0997429544698
925.0329741479527
920.0708606345883
929.0833038034531
919.898323364671
924.0299168354086
925.0192638778933
921.4986098103068
921.077054990088
910.9647293467958
919.6534898600462
915.6755755696704
921.8346332344289
918.910009084198
925.6372499738148
919.9151197102499
929.2589334552699
921.2979536904234
923.8249904942743
924.4564806091581
905.0807209438451
921.5980534034011
905.4028372198958
920.297786493675
903.5745498691166
921.8603137504963
910.953683057145
925.2393850739899
918.9493584062739
928.5525445197512
919.1384835310068
929.8751758837197
924.2174577425666
907.6905997943118
921.1030472197209
906.4243755156448
919.9381494366197
914.0178157225336
921.6334083632909
918.268162996653
924.9289807457989
920.6253282061907
924.4294672181911
922.9668776427308
924.6287476101918
923.4333053051597
923.0708455576487
919.963313753266
918.8848557795295
918.8163854530773
920.0460783805465
920.5869378609824
919.7902798239544
924.0713868243167
918.8472194834842
927.4064250179434
921.0856317371407
925.5827231057579
923.0351917017549
922.3823424723748
919.7403132994652
920.8359624096954
918.2553507868807
919.3907794940902
919.9224921187326
919.1156130680712
923.4041534877896
919.8489422480584
926.6517010120689
922.5575945551685
921.9419844573194
922.5521238663382
920.1359781601772
919.0950731418338
917.7987901888174
917.6335039393165
915.449855596152
919.2912160709844
916.231862844744
922.6326114365777
916.742376214785
925.8601888409098
922.655580323036
922.656906119277
921.0882197269647
920.3438571345812
917.5505442297166
917.4032092756909
916.3024666494541
916.3082152088441
918.0244172892006
915.7243005293278
921.5118331340241
915.3185216153743
923.8536438864231
919.7241986699637
920.173287940768
919.8146043745315
917.7723873792128
916.8201317716248
915.6639384954852
915.3083250033719
914.1463598348403
917.0691384154636
915.295525507781
920.4046383562986
918.9112236222776
923.7337171395136
922.7910492565317
925.9441246431996
919.2117417689497
918.5847721224021
916.3778202647961
916.2553177294787
915.1343958205415
914.1471494298986
916.8065643996623
912.0683420137897
920.1661075060997
915.1242151286257
923.6854106290403
922.554776079718
919.5949671789499
919.0634925770441
916.7952203369355
916.1688764877101
914.1044422791003
914.9149361821486
912.121590671033
916.8076445137366
912.3802672083342
920.097670211729
916.2714217055304
923.5279752998802
921.3569765777929
925.5714868796368
918.8759215130415
919.7208252187509
915.8566621294017
917.4663707721317
914.3962828808815
916.8773715210451
916.0838686101426
914.5301724098762
919.3322978024594
913.8308166318809
922.5113769211221
915.8114134815853
924.1159174531919
918.1246109468092
916.538707632522
915.1739782475039
914.647987420543
914.3110064066545
913.2231251256115
915.9342764851118
911.1432147227798
919.182774627184
915.2311882329608
922.6275518290665
917.9417793818113
920.1851225696171
917.3510779760495
915.8529629163877
914.410116698457
914.1354862944947
913.033176331825
912.6753328032615
914.6903049496011
912.2040770960256
918.1518148343121
916.4233134405665
921.6000143563186
918.5486409284466
922.5032340520884
917.1431843584007
917.482519569316
914.1702039819086
915.4703948626915
912.8609480023233
914.517615443943
914.6411474467291
915.1926837014287
917.8253850778525
918.2011346486602
921.1868490760777
920.139112556004
923.2329344951671
916.8462491229441
911.3303850633064
914.0517043453731
909.8167185934358
912.717367649547
907.609829104138
914.4334021526895
911.4415956132749
917.7138030304137
914.6287696042936
920.8163486973066
917.6865674754774
923.6131144821055
917.0675051159071
920.0408103023586
913.8412087082122
910.8641108198498
913.050406282398
913.3335724048757
914.7166170179561
914.8582229407593
917.8513954815895
918.8904429317471
921.1128963578394
920.2461980059684
920.6611408983965
916.762099184649
917.0605360464367
913.9528745147181
914.7636549879248
912.7250627414473
914.2385216138358
914.5161336137286
916.263797025077
917.7896680425158
922.6411063032073
921.1235796741823
916.974074966655
923.2668905522349
916.869110168641
921.202887769026
913.9475449690772
916.9794297313664
912.7537862776818
919.3345776531875
914.4375037171264
918.221114918456
917.599063597101
918.3523987796847
920.9823719146427
920.4964409449424
923.0458203567063
917.0584687159568
919.8473772866605
913.9444489632433
916.0326386787151
912.6356851470596
916.5345790713784
914.3314410825838
917.3872776157513
917.4681115497226
918.6016643794495
920.9119499829176
920.3450165845771
923.03749294901
916.9061276197767
920.0608160989358
913.3937660329195
916.104015797907
911.9259703714489
918.543764924344
913.3833395153393
918.4932515242054
916.5210848840333
921.1640243432148
919.9102925696405
919.4370006243039
921.6956930965367
915.8923805545919
917.8787000457506
912.4524160459079
918.0263642505292
911.1415937453229
917.7531627624479
912.6886163366773
918.2352988551629
915.9232797180482
917.380956297154
919.0891361329681
918.5230623063796
919.568371185812
915.1329146675366
911.0196349421733
911.5322337999253
908.8649752623435
910.1148692074563
913.2234432744218
911.7555683163722
915.8080685067298
915.1595472418725
916.1446871125557
918.7618055470082
918.4196566400793
920.902168118612
914.532923542972
911.7537312566606
910.9278083990832
910.3979692308062
909.4652864504562
909.1101896885888
910.9719744180721
910.8745666225199
914.2768010385556
914.692946644409
917.8192653027434
917.3802946865251
914.5384054992348
913.4350735956539
904.040656501399
909.8063978962733
902.6755233814492
907.5748420383654
902.1167760365945
909.6427077971138
905.757565037082
913.190212273755
909.7234405153204
916.6518598095804
913.5985646535602
908.3596841056749
912.1044015156745
901.5870358911532
907.2734689425862
898.7018958381193
905.4840669405296
897.1708433169301
907.5080189717551
898.8801247508093
911.3270309801647
907.3595942298699
912.9793013731779
912.7449919606239
904.3057255137032
910.5660610766515
899.5960117254217
906.24596290617
896.026778176791
904.7855151185614
898.6165454044827
906.7566116987529
905.4338144201199
910.4323847841538
905.4227266288835
911.7964592689369
903.8767246392312
908.9988838054497
910.298281977979
906.4847542904008
905.9269574985586
904.5007217638515
904.8676148900654
901.3203087024201
906.7172439748267
902.2936383019567
910.0891693542161
900.7157284828513
908.9393739627012
904.5411950385568
908.5473018422465
909.8552118242304
906.6791821649117
905.4732724860573
904.052839803004
903.9111353275558
902.0468081975812
905.8931395860093
900.1495383931259
908.0241043433181
899.1144468220955
908.5525726002047
905.8019050366495
908.6778167624186
909.0199365920145
904.0729445923087
904.5946611643328
894.1968160016525
902.8185686582817
888.9187321941818
904.7683691326472
895.2612662547591
908.3511501591969
902.359483418029
908.9510854054199
908.2081915139316
897.0098455741042
907.6337092070307
890.156687670171
903.1381445584261
884.7631767257494
901.6186746424021
883.1284057367537
903.6239887173165
891.2606047308523
907.4291209999187
903.4630621817746
909.6953360648226
908.3840509094161
896.6531037855705
907.2618097430434
889.6923331368876
902.601369420684
883.726693704268
901.1519225251467
882.5249291385248
903.0684170627133
882.6693460316549
906.2580347976311
889.5677255663387
897.2124503835081
896.4950344070148
889.1820586832793
902.4071347913906
881.8899617544799
902.4801077728908
874.5897410001936
900.9338296824394
873.5155355325163
901.5945483809796
874.9131283122316
896.6502157364818
877.6840609845717
887.2420735550987
881.4086559661317
875.6498957442477
888.2967251966488
869.2554065337085
895.0631372361063
862.4667246803903
896.8592057514884
861.3662045912719
893.7550296959715
863.6678686060831
880.662177084592
866.2420414611795
876.9725337238741
874.8633807492595
869.5172135203069
885.2893628689618
864.8742495037484
895.7158436950191
864.8595175097163
899.5006396708771
864.2558800548404
896.6535845924096
869.200610405545
891.2496372082625
871.4598831975633
874.0089050615045
874.2747956834412
864.4165046746683
882.118472297411
862.6076191826702
882.8656887176132
863.7254798523699
897.6860425989206
860.8117496411875
897.7845049820481
866.6885007903796
892.5026424381365
875.304270452046
884.2895953502823
881.5065181665991
874.9324349597924
884.1814869148344
867.3821988889821
898.2823478557441
867.4162471463603
896.5114465319247
864.8960247096784
897.5022801787027
869.4796462015729
887.6710075054492
872.0241133866708
874.2100377270856
877.6383852083823
867.8067290850956
881.3997626641736
859.2789622398815
880.9491903558529
857.4166981567356
882.6794298155672
857.288616802986
887.4599944164278
856.5747795976996
877.8154558424966
861.0688323269522
872.4572107994707
866.2600540668075
857.5853663713174
878.8239998479694
853.5845595899533
878.5099846527285
850.0321698354231
882.1405208223454
848.8070599460602
887.208004038873
852.8378284085387
888.5354365891823
862.2085332994881
885.8222769042175
875.9468642529224
874.3934422775036
876.9863981799848
852.8990984008757
889.2201560961174
845.4498349086385
893.9369363088452
844.7750875053827
895.7259364009936
848.2863301178033
886.5044029821111
875.3271875042046
884.1802264873597
882.8052618793077
881.0518755830223
899.1775565271508
865.1953530497018
878.1955848346674
846.1257780533281
881.8583381200847
845.6788952863848
895.5862474151658
849.7365697683665
888.4269601644193
874.3404343791558
887.882121942723
876.6997607443288
887.7165742534016
877.7588722638538
881.075608066569
878.2358051977834
858.1199649608263
886.0582023398393
853.4639605304633
886.9291406280051
879.3976910901525
898.0780738143118
878.5580281643435
887.3071473561196
878.6734022901325
886.6151118246837
878.6723648767274
887.6584038280579
893.4039654894174
888.2205894098006
892.538286565983
889.9932006300237
894.3879436490894
892.482485744955
888.6676071868777
876.5374478100639
888.6696918432036
877.8415701958089
887.8232242529399
885.9947988521099
888.1714750056598
892.4977889715112
888.5301956270866
892.475382924644
890.9515835113823
890.57734448267
893.3683899448869
891.0054693241277
895.7239997211716
892.1281042948816
878.4487344769469
891.0045351801012
889.8099573888165
890.2443128819759
893.4031142102921
890.4652493076145
892.1599748033558
891.5943517105833
893.8966075415314
895.6095305729646
893.97090003033
899.3789416461078
892.7130122848707
900.9659842820762
892.6017726381821
887.668433144193
890.8369337606582
892.6848664859305
888.6090039288707
891.3568929911579
891.276974724517
893.0703023365098
894.1471249015451
893.4756715808825
896.3163130871584
892.5313546623677
900.0895755112093
891.7371708247618
896.287923224329
890.4256960637342
892.4450529491041
891.0653307374973
891.1098947406069
894.4119079974251
892.8352164152649
895.799988308923
896.4139931646432
902.413486747532
893.5937494001629
899.8965851080587
893.3216332973434
895.9150125497995
890.7557315420557
892.2337682526809
888.0738092119803
890.8240917691633
883.9693939903557
892.4658661563111
892.4466638700718
895.9656403588103
901.9654765622489
896.3946800437955
892.1583744983296
895.4334212363378
895.8465803696997
888.7611606701363
892.0175002376386
881.5070140338754
890.8315083733395
876.8194323893546
892.4842553848889
878.507819172772
895.8583912770077
900.844316097301
894.3298102346264
899.3868166674749
891.3179382954885
895.6952067843027
883.4395392870869
891.7139028511508
877.6897659918294
890.1821535579996
873.5116062170217
892.088525941899
880.8884747854667
895.6005911880436
901.5256046606978
893.2981332742106
899.0170976112526
892.4327883158257
895.2760456280819
885.1345810675816
891.4437388941062
879.8555274772784
890.0450319138155
876.4028696838168
891.7100023405449
882.7481874211616
895.2477857995615
901.2017068462139
890.8551866141378
886.1332436961011
888.8110399889295
892.4234363622693
879.6385418139834
891.0409169666198
873.2035555123041
889.5347702731425
871.9378054507666
891.5159958806753
877.4245225331974
895.3217971785308
897.1661643041597
888.8917487221427
886.6935644610336
882.377662088213
887.2537360465928
871.6250216156296
887.4897498454105
864.5803844360516
890.0055330656752
864.8632351676674
891.7433726342082
869.189442703877
895.2990598184934
886.6755202207737
886.7115648353777
888.466178815974
881.7426731679607
888.6403086543789
867.6084078984806
891.4600282084973
865.6566425861279
890.0606989994367
866.1065451888323
892.165847991507
868.9527653179405
892.8784691279598
873.7276861601568
884.2608721672934
885.9383143469342
873.0157171430812
895.3466811659605
863.942489264298
891.8705644076578
861.7135100971391
890.3296161158669
861.1903838814472
892.1446924489012
861.7475562033972
883.520587992923
867.5340121940235
875.0676056899424
875.5547351929562
865.9948327103765
881.772607690163
860.9806366972788
880.9147990199955
857.2552726747233
889.9212304339513
857.449442845381
891.8392962970463
857.6709479381861
884.1310549561074
863.7482692876292
875.8518327029378
871.4101429366432
859.9988024743899
878.33765072524
854.7836665671433
889.2706418348248
849.951914785665
887.0846207958515
849.8375009506867
880.3643209924643
853.0216202298135
872.4942069707503
853.994961784542
858.8332528429869
856.0495585403052
852.1426135896183
859.9091153230826
844.3690754175122
861.3045671203145
841.1280492774767
871.7973503831458
838.6156092678679
859.2937326721064
839.7890836149519
854.0099311417947
844.1635742676259
849.2531545229306
848.098588310528
839.5925529413144
848.9998804112847
831.6983893736833
851.3705810710713
829.7309568712934
851.3552799700312
829.1955832768243
849.7630498365864
830.267377090588
844.4761203507164
835.3724061494803
838.1117882177559
841.0544049552002
830.4253934376992
843.476821805301
825.7640145754101
846.1997978112104
821.056159732021
847.2897803969591
821.3558931205399
852.2354430271969
827.2383925402569
849.4996590709576
830.7935248649322
839.6056224334988
837.1944104634383
829.2413565265846
842.8488403391195
823.7526740217039
846.6577491716936
820.799536896582
848.7087213849233
822.6175515478191
852.0966916557488
822.4993678707699
842.2326466386207
826.2187904139884
830.4560495426169
835.4694113761313
824.8009292544257
838.0697537636125
821.5579625811623
838.3819512003137
817.3560131529949
838.7611864132975
818.1451953150869
836.785824554714
821.2977201793535
832.2776721285608
824.4811515681942
825.0295971289669
827.2159847934191
814.7412081385619
828.9282795716782
809.3147679407542
830.9821113023884
806.0599950203817
831.8398169666292
806.828776729002
828.1294728636046
809.0083724866001
820.7109727723692
813.0822529282892
817.7415852130084
820.1352560027797
814.1300184316991
824.4413334412842
808.0788783698171
822.6222111428954
801.7653257118403
822.8146996719562
801.0785209588289
819.2297303054615
804.841657495444
817.1146313989724
808.3356526934535
811.9705808461724
815.481040293972
804.5989762382006
819.8630341552491
801.3054732951819
823.083178140112
801.7770941496917
824.2695264225503
798.6240469924732
826.8160010961478
806.6671575746511
825.9622453011021
816.18667984585
821.4250217399672
820.1530677406664
813.1709315469532
828.0819311033252
805.6692439794795
830.0251267222311
800.5793871434611
831.427758291406
800.2532842281089
830.2798733888781
800.7450640483482
818.6184648806191
810.375073969228
815.7908501181307
820.8727936820161
811.9942603432395
825.2505325444454
807.1104393148908
827.2359289866451
802.7695727154846
830.1585654768636
801.7344224189663
824.102385880759
801.0700505417973
814.2418952861574
806.9196717345969
815.3752905185672
816.1156029196982
811.4018058472192
819.7581585274888
807.263597143641
822.4595789835528
804.8827953148981
826.291983016405
801.4491770199746
826.9165997437706
803.447511262101
814.6638637575862
808.7758595272003
811.0404480304165
813.8675609129301
806.9522576324291
820.7626720652881
803.0238242409541
824.6005064735635
801.537251259847
830.498326851086
803.5535968648688
839.8019100214045
811.1060750349723
837.0307668500883
817.2759649343479
816.576798964013
826.5533734582312
814.6216106745107
832.9809005670039
810.5470207721455
833.1484106080452
804.9892672051185
843.7624892059195
807.9853665368169
835.6232465158638
812.7932914656542
837.0845219080994
823.7928390470807
826.0614181644506
831.5281980978147
818.6272007163606
836.7332183884113
813.9329815890292
840.4097728475491
809.3224008037228
839.0124543544904
812.0290720683261
841.5349777000147
812.8093052535744
832.5046678816932
818.5336714665095
826.0710073391845
824.3329723265392
813.5498529308355
831.7252390334198
810.7837440553212
836.2692272619664
809.6281400798554
850.6753094514726
815.0911839403894
847.9123375439684
816.9776699813863
841.2835114979553
823.9644091204559
824.3522945908845
826.358802179426
820.0608204043403
832.752727781618
816.3602440246833
833.9731251326701
815.3015577993439
835.710477374756
814.8136351766957
841.3836258057786
819.9362175408714
837.1765967506269
823.3049882856185
829.7063031239517
825.8325201758516
824.7730525333093
829.562297825639
819.9290167219882
835.5931610301245
817.7892125666382
837.9568249261289
817.0512218168444
844.1506926748485
817.4894094787547
839.0911922878824
822.8621189652607
830.989471216198
827.4574135400902
825.5400673623399
830.463902143616
817.9525519282525
839.7187021628839
812.9944619823898
845.4785251669568
808.9891159621186
843.5398993442678
810.4213552072486
837.8799278229686
815.0733196803297
831.4957811388874
822.8561976613902
826.2385255637548
836.5507407640816
815.3071719960602
846.9242573942649
809.9378721431152
850.3306662896115
803.9524144078263
853.2159895997188
805.8480808597142
847.9539635304611
811.3080366892524
843.8977415314678
829.2166630100945
832.7428689521528
853.0778464062505
820.8718735203495
863.6025102617682
811.9967194465621
864.4884798939689
811.403791228955
862.640158820187
814.7476540622338
861.7888027449352
821.1676974097883
857.6221530687297
846.9196854462808
842.5146517963935
868.6569441964722
827.2811176320894
873.270954174161
813.0027636288697
872.0395065792328
811.2326348085306
873.0294802496207
813.9832055385326
875.6590563393898
816.516314605951
860.8252509600292
874.4277813606661
844.5116780363325
849.614494449024
822.6641173892182
851.6483524184611
813.1597062712111
871.8845582241239
809.7853612047982
873.1200260679566
808.976156735137
857.9416466555258
810.4653228602656
845.0712416061162
830.875432784058
827.8641524332384
849.843558305127
819.7813498068144
851.6493629064202
814.2421173694104
871.7218801725687
810.4308280653132
872.8958593760821
809.6858256691759
850.3460086052245
812.5734271762931
838.92613328575
814.8104670271525
821.7266101151009
832.624481800889
816.1209330163584
849.1896491290737
809.7423266668807
871.0846732855142
807.8965731975726
857.2293940077645
806.4893379508134
843.6399646402265
813.3822145731381
828.9828266240269
824.458238188193
826.3889449759621
835.1976757670578
818.5963555218742
867.4480225004737
812.235107878387
866.930462782067
813.1068390917608
858.3670418924526
818.0031804294097
858.186588493942
822.2427364734102
847.1547695238094
828.7628549408855
828.095807426459
834.6464032730919
818.478939419515
861.9134589484657
814.8036398715028
859.8794130379317
810.536542774057
856.5996518972172
810.3406573939129
851.8244686137821
811.864671067645
840.0556432562523
820.0351185586759
819.0119948422424
837.6701280492045
814.798536642811
871.8544287066184
809.3829153557614
866.1467061344327
808.4986405820229
867.7992991048342
807.1029493338614
847.2908237166505
812.6970018204827
836.8935771901109
822.3495030212893
823.2907066760058
841.2588923873203
817.3535943995953
873.3182986010722
814.6160167205496
869.3096611375591
810.2945382663069
857.1918795753671
814.7986396968341
846.9935218931706
819.9778829344859
840.5578010522017
829.7409363696819
826.4130096684876
834.4479770233798
823.1030838588671
858.5706870883168
819.0414796709488
858.8765171635647
817.8767917876029
857.3424068342875
819.862917163131
848.3542919560257
822.9044796584159
835.643687122766
826.7167943411262
824.5456526933533
831.7889274097205
818.8008110838506
856.645926385142
815.3967060148462
859.4630878106746
814.908123208222
860.5334003556825
815.7217177176133
845.4030426177849
816.5653292915064
833.1096592746115
822.496481069464
820.3825505880272
828.2490220948144
815.2041264176526
859.7771786998832
811.1664974317661
857.3333473009461
810.5349572007349
854.8694072347901
810.8473079094418
841.4602930060278
814.24870382274
827.8611057932164
819.9158876448608
821.5888757346089
824.700131778674
813.8354150645062
829.3888789030192
811.99409601837
844.2428682609788
810.3800859618854
838.7263775237413
809.9161216329938
833.3398287791528
814.5008452922922
828.4526301609939
818.7833993063973
819.9526344057024
827.7181475454753
815.0095959769204
837.1682845785825
812.867654614412
839.8485162791204
811.9403648683789
833.9852766156166
812.7386573113673
832.4988095908532
819.2947537232907
829.3119782822205
822.9794791596349
824.7702856629975
826.9214460700543
817.54204344882
829.9659284998494
814.5539555978053
833.2994998992939
810.1287535053484
833.1259844217257
812.6303150040268
831.9786355093289
818.1420914705004
824.2718474651597
824.5555221330096
816.5258316481926
826.9563697294531
809.6063523967744
829.1844447219466
807.7522294724852
830.4833176834786
806.4244283182423
827.95303961462
805.4274944928609
824.2790065401048
809.4544984218068
821.5441852849275
815.2034835902932
814.5540591088909
816.5819955986792
808.3367381511505
821.3616402281812
800.5401444446532
822.9191270656472
800.4991271242124
820.9816469605564
802.7426130534809
817.4691615392642
805.6772476025494
817.8287119394126
811.6224490313814
810.2968198085348
814.1324995311916
805.1325637017515
819.2267082839629
801.2319127092411
821.6722345748016
800.1095975935718
821.3543648824037
798.8849017334616
819.3486589432031
804.3096129197196
814.4404687688871
809.7138763877808
808.429287133494
814.6177559729542
805.2468687944888
818.3968404814005
801.4149662016048
820.6095173171938
799.5667462334562
819.0090320002053
799.7121800894694
813.9166934911682
803.1903961873124
813.2219021076379
807.2916900841657
808.5758948793678
811.6250340436707
802.2128732529881
815.0024525567014
796.6930036673963
816.6994245552102
795.6595349345713
817.2502742227712
796.9996510562443
817.5502030983199
800.1774088917842
809.6571149205305
803.0854599715599
804.8296515709176
807.4324698571465
798.3950461169106
810.1320304529295
794.2849120910475
811.7791564655462
790.7894517849327
812.365946490579
791.8868482699459
809.2218154272514
795.1472177808884
802.562679950538
796.5480921882963
798.6799062869273
800.2335941399447
793.2360080209922
803.4896826564445
787.8621363474759
806.5646565758947
787.2553012133449
804.4348900836402
789.7938881531958
803.3161150845368
790.7254336060544
800.3103439842731
796.9684667802411
795.6523441161531
799.2350488293423
791.1497276926256
800.2795691276763
787.6936764954286
804.9967662225928
786.895064044363
803.3110351058363
788.1667416009209
801.6715499427985
789.4980890118181
799.0738698768807
790.5842011902982
795.4823860038568
797.9863337056349
793.0103007635668
800.6916947790784
789.1336513809105
803.5717178957665
785.3966290515611
805.640312519527
790.0514192698038
805.2602946788705
793.1821243905654
801.5089966156834
797.3138913603303
799.5155658321742
800.1807570580899
795.6862224714004
803.4042298884302
792.645499580412
805.6568283788752
788.8158402079124
806.5664877830878
789.389826027605
805.5451810657946
791.2810747161008
800.5978680299436
790.8367924819194
795.0123547271445
793.8811676905224
790.6646986859555
794.1361343250179
784.4539049416891
798.9970673568062
785.1619201173544
802.1930511024328
789.1355640562763
805.7897048421471
793.4552674635478
805.2641168199035
796.3520432226672
801.0956070656364
803.096170043028
798.0924150431421
805.3326172608005
793.91156604766
809.7157163641348
792.7619750104026
811.2325928618394
795.229749038623
812.8025396200121
800.9761670665581
811.5912598414449
803.4694988333835
809.2580601157227
808.9918035013017
806.0043417625359
817.5564753574838
798.5345033819025
821.4250441431305
800.1607184240269
823.8720429697211
801.0054662910507
818.0046939923424
800.4649095085315
815.8659537828931
807.4478007577916
813.505598191917
812.194791584534
807.6099446496561
817.6428175902176
801.877060968174
822.258386369719
797.6278688448587
819.4512955552069
795.6284425302102
813.2940120630446
799.2505671169334
814.083763547372
804.1360463857459
808.9863733373544
814.9432053661235
806.5273096037325
821.4927715880011
800.3127773295671
821.7372339934748
800.044478135475
822.230308943176
801.2909885964882
822.3505159844563
801.5149545545661
816.0842496591108
805.4369240532923
812.0608561105117
812.1157165427884
809.6113100637016
817.3469619126064
803.6079664253574
817.9722994956829
801.6917916416945
819.3713492251645
799.4520138295659
818.0899232773274
798.8735851960512
816.0653388342495
801.7939509331828
811.9904394276427
808.9289253860902
808.1387389405104
814.8836172646688
801.9815273188735
815.9898970255474
797.4308609541749
816.915655574971
796.145112795921
814.9384692480609
799.5831694159712
812.0770540907131
803.9384602956413
807.617368102165
804.211957745901
803.0947379263711
809.6269834795297
797.8253596046034
810.7669362167222
794.9719449329154
814.4002015072209
795.9391421646264
814.5468936635226
796.8973252322118
809.8142649422612
799.96169117279
804.222391914836
805.323048689346
800.5431655674882
812.1230250359272
795.0233123589795
814.6508605473349
796.3160763390906
815.1967557944392
795.2741934663323
809.2299971148351
799.3758136423354
805.6670823663433
804.2891816876901
798.4441369481528
809.7238036775088
798.3447902875339
815.0612815112702
793.718093190321
814.5581291428285
796.2129292675337
818.1476964523863
799.6203958511777
813.4889160654332
806.5545949029787
810.9999216622581
810.9759980316525
805.6096010672745
816.1685434743363
802.7303280663937
820.9137813612734
805.2837503329764
823.65512778343
806.4773343672773
820.5680894409521
806.1624065991971
814.8329187676384
809.6905463856638
811.5878316538417
812.1073757367375
809.2288101980231
815.5978527943146
807.3832778901688
818.2955337608471
801.9352528781109
819.7083005233427
802.1521142414847
818.6616939152508
805.5139860528292
816.4812386586863
808.1670462816197
811.6947183834392
813.040464373044
809.1230044408029
818.094167054815
806.8271157574818
819.5288961148868
805.6868557862031
822.1379451340308
805.5577984449209
819.2492201592755
806.632082227388
817.2291026854017
811.2279224430032
812.4627716618057
812.7772045397401
806.3072362521491
815.415169880567
801.3918414525469
815.2785874471231
799.9909398836461
815.5419972008723
801.8723850767899
813.9486972430714
801.3264183700165
810.6952930641659
803.8337514652773
806.5531851690582
805.133487037064
804.2929671396882
808.492039621733
800.9412532837016
812.1826146873016
797.2527189736244
811.4730989867817
795.7246947248389
811.977750069679
796.508008457072
809.500412761802
799.6264264252552
804.1474520764577
802.3847726569369
797.9246848494007
805.6877048110481
794.721171306167
807.6763972279055
793.9748585122445
812.2980920947186
798.597761482573
816.5402004077563
803.0073803314474
812.4296420524485
806.8995809221608
806.7076674680106
809.7384020186144
801.8043726157499
809.8131306282406
798.6334498865508
810.5114378939876
794.6861750684736
814.0938055532014
798.68230092105
814.7487450408146
799.1390786676335
810.9391080717105
802.0094422502043
806.6751519986467
806.2497403366787
801.476769005336
808.0450722258458
794.4035521869029
808.3842973864212
792.9990305749429
805.7727668541937
790.6662056614213
803.1803709693372
793.8148875700521
802.3847090693852
796.774330551327
799.28224368134
800.0785573259074
793.6441372480162
802.9617676715679
792.4254782759352
806.9453790076049
792.2355581241696
807.6359613779739
795.9177160992139
806.7076536827011
796.25019793656
800.8619077751807
796.3816688159072
797.6814379712814
802.8299867838653
793.6255030326744
802.511417424829
787.6942926099848
801.3613602500155
788.8003018228018
800.5774624857486
789.0282053648157
799.490541795359
793.3183732682264
798.3347645465036
795.2236901780637
798.92079824547
799.6419470399975
794.8190315577082
801.5486782136858
793.30952080327
801.4255409131043
789.3803325807661
804.1513900011818
790.0928993415744
798.8214557257348
788.7881218342857
794.9513879712249
791.1448968927955
795.1747124998163
793.6712818289311
792.8574921399305
797.3272346350163
793.3734065971155
801.6095538865133
793.8357286294479
804.22768267438
796.2012361460223
807.4446239327765
800.4794895305987
807.342933357255
801.5067298594971
807.7465634696956
804.2070894370736
804.2376561896702
806.182729649153
801.5160272338799
809.1750925808151
802.2173555903403
812.0360776558998
801.7133554855062
809.9737389177558
802.452143080432
810.4326497524809
805.6293657418773
808.7758050481484
806.7429684408683
804.4852224451873
809.7321688311438
800.5694637969198
814.5545694223388
800.1801356956556
810.5702288160996
802.0744921979449
810.0879761272025
799.8828452196975
809.3674419789746
803.9773297572658
809.797203983146
806.2604643499461
805.3978646154953
808.1178823141034
802.5801770829262
810.661616953071
800.8213654668414
811.037616124352
799.6762861683643
810.1903888173363
799.7205211607026
806.383384173828
800.3431641416614
804.1649711176435
802.9436988024636
804.550120001659
806.962877339
804.8673160789182
811.0401990953549
801.052532099437
809.122147224064
799.7348991641281
809.0081649463175
800.5895653356571
807.1335035855956
803.4771534523461
806.313727910981
804.440302602521
802.8777267915384
806.8112015577991
800.1283455734892
807.7607804720641
797.347163332639
810.3489484876925
796.7428263831175
812.2518965717877
798.3695597179944
816.2603367407213
802.6020090613214
812.7188065528017
807.3595552495923
805.0108760368535
812.1582463901908
799.4513870182333
818.2347338095565
799.2068574481275
820.1151711069709
797.6795815799595
817.341985332427
801.2293688810643
821.5932765644656
805.7946438022964
815.5963675030948
806.8057295150014
802.9796434355783
808.1913757145732
802.1351673674282
813.0318926369607
800.2911309905853
818.0107747626034
803.2131445950417
823.5313716777439
806.8122743948895
820.4293687217431
811.0742585492388
815.229262068073
812.9672148108929
809.6834480394316
812.62217366895
808.2689247291969
814.7487801146798
805.4962298183675
818.138981398542
805.2654341667675
820.5699348204445
803.7909692998792
820.0886709548748
806.3233324661026
815.0930183130486
808.7924435914696
808.6581604693824
809.8326055249973
805.5093379236877
814.1915118540035
802.9643935904239
817.8069285768034
801.8992643089261
818.7119012982052
802.8043585420626
817.9201027276525
805.1770670331697
809.8815999390991
807.4619753006889
807.0013593164728
810.5416972148288
803.693583227672
811.4622956732996
801.6481274629086
810.9864936432955
801.6248010679213
811.5251474426613
802.6311769566548
809.4146553779362
803.7695997689955
806.263131993472
805.148558373456
801.520613104647
803.5633217738695
794.3302906369348
801.9494701902164
791.0558354364018
798.6598552585051
788.4220512945645
796.7655211603644
787.7327633468602
793.5015026909657
788.2707442203725
789.9324562054795
788.898255627779
784.9737738144871
788.6066984595863
780.5350393953895
786.7374638947585
776.9871875757624
785.5622808659901
775.1327587500368
783.396290012054
774.914124613984
782.3632919593683
776.515594804531
780.362620767612
777.243802369495
776.7705396775275
777.872776635121
771.1792408509283
776.6340160281288
766.9191704105476
773.8544072505566
764.8579336917308
774.8646038879642
763.8880759006834
771.3197542387172
765.6325424038524
771.6942307659817
766.8208856072395
768.4239770665366
767.7492947497918
761.7711065734416
768.3217046477323
758.383367451363
771.4723024180464
758.6041525930132
774.101174206878
759.1617304964616
772.0002620808076
761.7416859807392
768.3004801613014
766.042675858001
763.4391530858898
766.5576042708207
757.6380055684843
763.9516727832554
753.4017630134056
763.3008830323563
754.9269655281432
760.4013658891158
755.3524701018423
761.0945498544884
755.6997747071784
760.5479553900237
756.0453167152083
756.6685294973311
755.3865742151661
755.3083105135681
755.6861848029114
753.8257289940233
756.8884232733435
753.3800111950993
757.4845106310338
751.3906373519003
757.9408746134942
753.9306451190109
759.877360288082
758.1562754891536
759.9587380468207
758.0992447134336
758.0411040027763
759.9839599539878
754.6111222320575
759.9309416010692
754.7073139820333
760.3102124060449
755.3075439637272
759.1179759220711
753.9372265296057
757.7994955549317
756.9316630772718
758.3131525252743
759.925103658393
755.0186313386675
760.2528198150742
753.9625873368257
760.0031050126186
753.234566698981
761.8227957812911
755.1848386198014
760.8593955083115
757.4982656811636
758.4947846873544
758.9816266852487
756.8339764516978
761.5786788193368
755.1006032764182
759.2104176044633
754.1311070270817
758.4257575748079
753.0836467856901
759.6839776728103
756.1603315700935
760.4302196798677
756.4119954912973
761.9198121749947
760.2278371252153
760.1473576052027
757.8472018264268
757.6253310329747
760.4186551316062
755.3626026571375
760.1131472430617
756.1919866523668
760.3033660307501
756.7517613005356
761.1395814192767
754.7533376634154
761.1267104528177
757.2830680310233
758.9581327273382
758.4509185455288
753.6569045100257
755.2483453866305
752.1402430662395
754.8062664720367
749.797161525428
755.2878452044214
748.8993891251689
754.2765088603926
748.1235250385224
752.4316044341285
748.7721066038557
752.956675516084
753.3168602660963
750.6266467739987
751.9107964098743
747.9104508485151
750.6459603576211
745.2972269800325
750.3233726047108
743.9831478098012
751.1660288717846
744.6613438971546
751.738568321935
746.8561984711666
750.9039478959387
748.1605260730913
744.7029901503078
743.5621532490565
741.2685138190463
745.6113669134545
740.2723183748946
745.7358539007276
738.6269302811821
744.7755986330445
737.6088406653824
743.070197592254
737.2993331628747
741.6840511079314
739.5016039485786
738.2062246799918
737.3073322890162
735.8030944346981
738.2410574955398
733.3451513310762
738.2635230238615
732.0984668186511
737.5783089987264
731.7700810313057
735.744849434269
731.0850607932765
734.5183524276191
733.3981367844531
729.4478445593047
730.4783396237228
727.7636850724547
729.9617488370814
726.2467287908239
731.0540915628901
724.6578077966219
732.1432855235498
725.354307797406
730.5790101978101
726.4904702952509
729.5222197185303
726.2685914433279
725.7318218065584
725.5632353816593
723.0077258217507
724.3300887331857
719.8136004056644
724.3176641439184
718.7509056887453
723.6915810929681
718.1789014247058
722.2906129885287
717.8206016325853
722.1764391438309
720.7157516773357
722.1791994712446
721.6101195854537
719.7907856422167
721.127413903235
717.1969871862633
721.1743723745966
715.6636341399947
720.5489250228
714.5392033543708
719.1573148838453
713.8798674790421
715.9167996519509
711.6204432576629
711.372210935464
711.3806807341351
708.5875819408155
710.0618228415517
706.1461401655924
710.0097844566246
704.9276815440086
709.0875963866234
704.188581228432
707.5673683284261
704.2463238843856
704.1654074633411
704.3715279473017
697.5199407155934
703.1313748541431
697.288246128626
707.1677185728194
700.1289304736997
705.7905829362398
703.0100716660388
705.9057787159865
706.4790791581948
707.2106647372748
709.3017671200594
701.7164369974562
709.3498082964227
700.010277399579
706.828049124578
699.9660043826658
708.9072589632808
702.0761229117375
705.8636022112443
706.2706448093596
706.2828220876935
709.8799864693078
705.0006167859082
710.8919880432373
704.656641546737
711.4199151484444
703.9721475076569
709.814007780474
700.5195734541323
708.9597362312317
701.8117456104314
708.3922763978569
705.7739130375729
708.0758637035059
709.4195275462289
707.6298454280897
711.0702563865889
702.8659999488349
709.8463043122662
697.1043723653602
701.8431718594526
694.1552383987266
701.0636091116797
697.9353192929818
701.2102627912755
699.8079676430137
700.0065476637882
702.5975983043525
702.0815282092689
705.7884447119723
701.8152977831783
705.8099871261159
696.0965586648603
704.8000062118418
694.1962884795597
704.5319873139291
694.9400220253058
701.5239068397825
695.4557079821278
699.5604947885391
697.8099977654032
702.9796202050633
701.1546492438699
702.9819126311622
702.5673450909724
696.4585989468026
701.8311424832089
693.542068831328
700.7104764580552
691.3699169053658
697.5144147721556
691.3034628058778
695.6237779777938
693.1992566841201
696.9427437784474
696.8294955372147
699.7526196063824
699.0582270173405
694.6187300384016
700.0689664379119
692.8979862704333
696.4558927448427
690.5831943036974
696.3838611325498
691.8421132098093
698.4156827640452
696.5465747093124
699.6904526923823
696.3668107008984
695.5204493148816
697.594193939722
692.5496272920972
693.3144855348351
688.9319633957874
692.929851042599
688.2455369652245
693.282499490209
690.7722620548786
694.6474128901365
691.5311889996037
695.3076204827324
690.7210773831162
696.6802756847922
691.8999981834963
695.2028837253623
693.4372269237386
694.0789336334543
696.3574730019428
693.8953148756243
698.4362089316375
693.1233164335879
699.6457550285855
694.1544183451963
702.2094416138987
696.0224028825397
702.0977555831373
696.1347270618198
695.819150746636
697.3736310942725
695.8418109596103
699.4223108523744
696.1767461789751
703.0149562337959
697.2932867209697
705.8582964725955
697.4776158689211
703.3073142346041
698.946502423108
702.2152248822074
699.110629349772
700.7907209559526
700.9471045116665
701.5649889163006
702.3184404647126
697.5952102967595
702.8519973536929
697.521739804911
704.9652765303326
697.7767833081258
702.2535650202459
696.5481413855715
701.309212348692
696.1375056197585
696.7889434963834
697.2959107733077
696.2773732748201
697.7217191655855
695.1888059441959
700.8820147801009
698.9163174918067
702.3083744454076
700.69876158902
702.1530590530515
702.0986159761507
704.3415302084625
702.5020611535589
699.2600768222522
704.6297674119279
699.3765800930489
705.0729016534342
696.0627541256657
704.7986384463892
697.4543251363009
703.6721694954228
699.208771397266
704.3858274900412
702.6516960352177
706.552261683883
704.8202194345162
708.2490861266435
710.5884786548058
706.3289318914183
708.5147446443267
703.2614094968407
711.7047014563185
706.826116119626
713.0563771955415
706.6898346727183
711.8802995686252
711.0774652843354
712.1722889985582
715.9880249955975
712.4308065247321
718.7219851841053
714.9843608668679
719.1858348324736
713.7897281567685
721.7983897144243
715.7092267562427
724.9372636929734
720.3981165720153
726.052231934769
725.15024113512
727.3171079681267
730.2050173854057
729.2167713188002
733.2285562761456
725.9421372035215
732.7600473971298
724.8125866433043
730.1887320200478
723.193808519202
729.9541743467844
727.1874912483635
731.8081670447531
728.7557498350568
729.5984467830897
729.0260641342093
726.5135799217554
730.6535190225384
723.2359628630096
727.8486319099508
722.2843952599641
730.4587027743052
725.186951211556
732.2185566784603
726.5793751856437
729.8025633276043
725.9149429419332
727.6265960596645
726.4753451895742
725.0258476680025
731.0769640109606
723.2114942574036
730.7540986955005
723.9102173541582
732.7239131863283
724.8001697242884
731.6109802542654
727.1714800425476
730.3042821134834
728.9206073735623
731.5906494446035
734.491810212623
730.5596417620501
734.3442717234673
731.147082947075
738.9353124335694
730.9367736446138
736.7877247744491
729.5601229803127
735.9645771586086
732.2347034164773
735.3611670324274
732.953163798281
732.2041942903527
732.4907299599004
731.5735799292468
733.36526213558
729.8694239815808
735.8563273464956
727.8154699108949
736.9366277285055
728.0335750031995
735.2248450759754
730.4838893035649
735.9038777201265
732.0130912188278
731.9125268563774
734.3071771591284
729.9448581886309
733.823117768525
727.9732802059033
734.8285909636076
729.8438901966869
736.4512190967173
730.5649738015159
735.1911352213882
728.7065495809932
732.821062751218
730.8384945752903
733.2137891711327
731.5095490559456
730.5432892967276
736.5154064323061
730.147894922391
735.8758919927386
729.4732529089753
738.4285670711092
730.2778706827312
735.9667486427609
729.7581956674688
735.980708227257
734.5702624759226
734.3762912294969
734.0427169878208
729.2374020879797
735.275412001787
728.5732459394455
734.9301988797239
726.3877125523019
733.801762728245
725.805421777573
732.1274934471011
725.7546730665179
729.81635182482
726.2583439512781
727.6097594910261
725.8135283147259
721.6116306189653
724.1855355389438
718.2844148260252
725.0087915367515
719.6417180315829
726.2933328227004
718.4575794134463
724.1546358448147
717.9032548819715
721.9845504357884
718.3605744676134
718.8813929340895
717.7994168870941
712.886278725312
715.8469826378748
711.4651617948454
716.473050290452
712.022622874334
715.5799054092798
711.7533807659311
714.4531139805147
712.991291793644
715.7795424960544
715.072132209459
714.8527961866507
714.5963342274249
710.9247284925508
711.841016404516
708.1920447095451
709.8060061714608
705.0370211751856
708.3408613108901
704.5957422667976
707.1971383691848
704.80915918106
705.8718683542315
705.3751667465305
704.8150784527613
705.8394299006744
699.7447121757814
702.1095764195312
700.2344679104885
704.6171953481887
700.5852442546785
703.9987499105523
700.4621056009296
704.0136526937292
700.8988600360615
702.4040895102668
700.4379631682863
699.8423843882157
699.6280671537218
695.3544472907524
695.6664305085952
692.78757304383
694.1872955558686
690.1417666046217
693.6669424189839
689.7040346026816
692.8415110349064
689.6850230271374
691.5760922533104
691.4790060121301
688.3371227777056
689.5575187164394
686.7534566966609
685.902515886671
682.0705714738025
684.8430186627648
683.4150266421588
689.5854794621888
