nan
1694.715724968141
1228.3678444635352
1357.8300893409148
945.1808827845588
1393.5312028475234
862.9795375775341
1432.848764615939
883.4587060854753
1451.3712893644697
916.4698646356485
1012.8556819566103
960.1334203343322
993.957440928727
1110.0756905963158
970.2597660593681
1056.5051144537658
944.6422514555455
1452.6628130330034
932.1029799346053
1241.633862025963
931.8696078347672
1145.2473112558982
939.7174722372777
1016.771001342277
953.531829558899
988.3311483760793
971.6945540923946
956.876120786754
2258.116198303185
932.1068201244135
969.131783971136
918.2564105727016
1038.97104467699
919.0401757141069
996.5143891994402
922.0236332898669
960.7502021094411
925.9416734359679
940.7116190164963
930.3525207497846
930.7747489311541
914.8395960433255
915.036450856569
879.4594397618423
912.2176080753004
865.6842164181022
913.5480057823585
894.7224207843037
911.344127536544
911.8514130690718
915.6422343955226
918.1118365789853
911.6700034005667
917.7023292098894
892.3420547785256
911.7798351498625
855.6818575153578
904.7503699169673
846.4138808559513
894.519866017145
871.9610959954739
901.3241197186504
895.0646773162977
907.618109914469
906.6385593897164
902.6010443514158
908.7221807182121
883.6273308585321
900.9255606712377
854.6729522856759
886.2632801462476
844.1325439333709
883.4776978019295
861.9330562937039
892.4084170297737
883.4959355790049
885.0829424193494
896.8942754416933
894.4453308758804
902.1157001420798
879.7164267423432
901.8506584354495
856.8894247230488
893.7230797698386
849.8195577106334
874.5932325417953
865.4348543308365
873.4203830248453
884.0592296732673
876.1831294296899
896.439671530023
892.5353001996058
902.0739094576685
877.9359604143835
901.2781639666239
861.4086026872485
873.4770274197175
856.1967509896333
875.8329200369034
868.1486380689007
871.3528880912626
883.8066893337004
898.2127838488211
895.5593328536668
891.565885909922
900.6511176472401
879.5409472654595
901.8851818411782
865.2384262471563
890.0475468077921
862.6559305182205
886.2485227645082
872.3354277151082
880.8441353536982
885.8457849298737
891.350662052318
896.047817283017
891.9321981065924
899.8902960913769
878.4925796147257
897.2554240494048
862.71495163206
890.0747243568609
857.2085425029816
890.1544755344219
869.0181603120136
879.6454375357359
883.0514624729905
878.7115233457146
892.7545684880195
885.1010674432696
891.8631535840801
878.8723035005385
879.7516510470734
863.9877464828794
871.1086220674545
861.4493321838114
861.9658958798772
871.9895563264305
851.9030799752909
884.9206558476745
862.1801015844761
875.5486656545157
858.7390866918898
873.0829249297274
880.496088410936
851.7911862433867
869.8597459784736
823.1220958225987
866.865367412045
824.8181954696726
875.5391099468109
825.2118419722013
866.2729593465774
844.336348345394
861.0639269570779
855.6182940354338
840.8424824816269
851.2677142355925
809.6696175921426
856.6901376119738
808.5040904776052
867.3045871675251
805.8231592070059
868.8846609614409
811.9620001835261
864.1748640138296
820.968835323886
844.7268113813835
842.5508099854418
805.9390412895353
847.0281617739615
801.8887743619434
844.2248048651179
796.2188409476578
844.5600990614294
793.0477200977101
857.6195161785878
796.0051956631901
842.5104774836583
803.7205940942107
807.9721592714884
810.0131352085482
787.3209474732541
817.0240802539687
785.8288039313534
839.7823034430501
783.954434996063
836.0644391956346
781.4895783071744
816.0322099913222
786.2218086181103
793.5251496078448
788.5793207465758
782.1490082546283
790.8796104377061
775.7070415124666
794.8702942177516
775.4979854433097
789.586555451545
770.9505068956202
790.6918689004524
771.3523325312881
780.7408750870406
773.7980736185132
776.1829428800123
775.2366164985266
771.3061815711288
777.0299283934462
768.5502057099487
786.1612441328998
769.9587608953819
786.7764846133133
768.9553538659235
786.9285837637411
771.3255547217572
784.1222705068443
779.8560236375642
779.3432187459462
781.2489356910405
770.5540065628811
784.5878027236517
769.349978612228
787.0839584472797
767.3153705125312
786.8124349598255
766.8663352840413
783.6192246371824
772.5375460330404
784.634108713051
777.4802829971484
774.3225937363707
783.4040106264841
767.8354502345223
785.5019420826557
763.4275751746839
788.9723686311049
762.8560445235436
790.3431391657813
770.3604914953995
788.1647144227505
774.5424890996359
782.5019959560923
780.256210157819
778.0290250907715
785.0621888883292
771.5608100596362
788.4404678744686
770.3937595811846
786.9667155266375
771.1531365748286
793.6416338808853
768.5642967339081
790.5647902178443
771.4494835922509
787.0581897849146
776.8550589612206
777.9938795544776
780.2037208859157
772.3828527889801
786.229018995087
775.2559709009572
791.0464422572875
773.2323770900347
793.9950530911009
772.3902582708491
793.4754758352998
775.7863402081805
792.716280129252
780.8264376134423
785.6217218244083
787.0353406910582
782.5741792856663
790.701252053062
779.5511380213758
790.5590892161952
779.5223546955681
797.8372450949156
784.197133225167
803.1521503369336
788.2416240554438
801.4937980611928
791.1310392741575
798.8017307114868
796.8822115659735
796.0381192984183
800.6129848615617
793.6754303603556
804.7377479581139
790.4612743896663
804.3938568812748
790.1632467727408
808.6609872566181
795.0523549131085
808.2361603665829
798.979924409758
809.2262034578139
801.1284436123311
804.8293697385936
804.3814366823694
801.4729125523891
808.2976993598248
796.7549660646365
812.3224955642199
795.1670392406437
815.2387039700899
798.9393166145744
815.0902910482969
802.2905030142572
816.6798870827369
810.0609835571181
815.2360644070253
813.3801533846387
813.8559388750145
815.7337877594181
807.5899822267049
818.009310597234
808.2185721650288
821.8338602260026
811.1614373823189
823.5513133199723
809.1010859730509
824.8643993676573
811.2411987631705
821.2864324194695
812.6618838008415
815.7813927146761
816.5481774990918
810.0502435481101
819.6573819622251
808.5634178133648
819.7969021563416
804.2435212516064
818.4448385590367
806.1464026038384
821.0073021654663
810.5525229697427
818.1777373732389
810.4111829994151
810.5845986202236
813.1664140469809
805.9451613868159
819.8897445847085
806.7637334447994
822.3265317576355
806.2827093802831
820.8364841625133
805.693667079306
818.4656218099292
807.142357094442
811.8142110076993
809.2689261193252
806.8420905509711
808.3005097041791
801.276169350119
812.7412632643213
802.3039527020937
818.3008952629677
797.7344490554981
813.55969140209
802.2922628220929
813.3032409130351
801.6806082426141
807.0437111178804
805.0410758280474
801.86463176453
810.878753399472
797.4502461018437
810.1873520584509
795.0122353225895
816.1154411654055
794.5520145920203
809.5947967102923
796.0894938676296
807.5734754643546
798.3106424421329
804.7995410631636
804.0295363871212
801.6473637137899
813.6306674588893
798.0470100847849
821.5966447586915
793.6201664997499
816.0829203246293
793.6761550370979
811.6311375821189
794.8293643352513
804.388302774187
796.4361755153697
802.5025930587536
805.3344185523542
800.114145624426
805.7333498334458
796.3441704706283
814.4316944365163
791.0529303300739
812.5183264722081
791.7852408714966
805.0493456237849
789.104306387363
797.2962400566025
793.9321361949761
798.4131478687789
800.681207545244
794.2406070690429
806.719734041567
789.1894549021403
805.3102001706255
783.1138444382788
804.4794455407108
787.5251061224834
799.0139190148611
789.0063393974017
798.9615259813842
791.8323592760466
794.4940857506281
793.2703627534981
785.5152117028432
791.4370291420146
777.2547258265612
791.5436786193591
777.5252954556812
796.2283899357433
777.3369007031582
791.5368146924936
776.443710509383
782.1556025766622
780.75245636697
779.2646237493568
784.5772480187732
774.1281621916792
790.3230766397917
771.0785694310449
783.8154085755541
771.5935208291241
781.3467090496688
771.8601089666613
783.1478643338693
774.0016476797375
782.2074375027885
782.018389372889
781.7358415199278
788.257913719836
779.3415579356666
788.2588339261083
775.6431980097824
790.3801933095618
777.4399877372688
795.3708339120623
778.4603299787921
796.4915360769432
782.6161553694742
789.4779603703373
787.552636528842
790.353989980933
792.0471947809764
784.4215256716291
796.9458154273425
786.5973966657264
799.9079050837431
785.8160976974712
794.0954026004592
784.4311781255149
792.5005661974282
786.8753320000783
789.8091757683554
789.5005081375325
790.9147887245284
794.984811273515
791.7085325296481
799.4138983997452
786.0301801243926
798.1692542524082
789.2310788172963
801.2488931107016
793.3115083019818
800.7495049891526
794.5920629518392
799.8627449110013
799.2917141921184
799.1271576364207
799.3018815677766
795.4341789506993
802.915922077765
796.5810864155827
804.1966538458013
793.2810708857191
804.0082177053018
794.2396276234613
800.8882693714335
793.7471747601381
797.4385338827655
795.9661786898902
795.873815601761
798.6079189256179
790.9225264361619
800.1031550794587
790.776535150901
799.3187973480219
791.8229462974632
802.3775834149352
792.881551963997
797.9506643866891
795.0557627762342
799.0989631169181
796.1945455251264
793.9964110686604
794.9324952055215
792.5350287171216
798.1646088849976
789.9567874946412
799.8361572874575
790.372218461484
796.5103136918284
788.477857564186
791.8301048491574
789.6459787106036
789.2471757259615
788.8019454838311
784.7272730809219
788.311960408348
781.2187237621375
786.8022639699711
782.4955169005843
786.7290225581971
776.1588970959011
786.0003102484783
773.5529043255383
787.0481109828206
777.0113635551622
783.0219903510013
778.1277831690246
780.6703427073153
779.392245043989
776.386924167482
780.5396314171386
774.2441244240201
782.8720607967812
774.672707129179
783.6858984610899
771.9623879499347
780.7825269267603
771.0522863612327
778.09129039197
773.9510896538192
777.2000463338303
780.1794061895963
775.7970192126348
783.022945575823
774.2401207551259
779.5845257241124
770.2985595747014
778.1706426996049
769.5911524099929
773.7581825018103
771.3430477567183
776.3067423667208
774.7809720697895
776.0882584466598
781.6240971302502
778.3108266926204
782.8001485349288
772.941029043909
784.1153483362771
775.0631193872473
785.8456530987576
777.7413300668303
782.8779591440327
777.1809401777277
780.4261491471411
782.7614456374972
780.3406268926269
783.0908188510228
779.1337977646363
785.3362677747261
772.2139266757335
782.8706630691706
773.0972336536621
781.9972946542634
771.7304361674693
780.1373572265526
774.6745611180922
777.3214730975366
775.7152869989557
774.5738222482865
777.1512661803825
772.2953160609965
778.3699292914747
769.3346803468493
776.8211378555802
766.6303706253638
773.9765842323295
766.0810380701303
771.6916602674063
766.4922339110674
768.896460283858
767.5887107715029
767.2408073285513
768.628532626193
764.6697161194085
770.1824147110453
760.3251086664224
767.3367796931785
758.8800646436495
766.4751535043132
758.7280363407161
764.0818159888091
759.101552116864
762.1319953455194
760.1362435916735
760.7727248406084
761.5455609516189
759.1136786189077
761.5538283370889
756.9303293804103
763.2894436644797
754.9714639116474
758.8739029650776
754.1365121369192
759.0999591136654
753.5087762990629
758.5350713731353
753.3674435474148
757.166243740591
753.816987629727
755.6141434849371
754.4945980320686
753.8019693075084
754.4853731153363
751.7267230003664
754.8434502782255
750.1716498112854
755.1933344507758
751.0094831726142
754.7367720854978
752.4027442753891
753.4381040351669
753.0446742474618
751.5933543747154
755.2622047441954
752.2461009739034
754.5754827119954
752.6711950562488
752.0831662794997
754.0786192468221
751.8431051575699
755.5313424268573
751.5046084129099
756.7926429711147
750.972036747262
757.5846960892283
751.2588764343163
759.0367955432737
753.9996287095622
755.2344222707873
754.1929719655884
752.0751975893887
755.0138913394361
750.4642312057316
756.4253172812414
750.0325763733463
757.6458080050083
750.6417586743546
758.2758793824444
754.0120035410387
757.5867390878293
754.0429224106759
756.4154835329631
755.6121352732326
753.9612446741262
757.0201879784732
752.7947721741574
758.4677791429136
752.5957569843563
759.3568973179425
753.0049157488216
760.1769604402118
755.1093980811255
760.5685972897754
756.364526307952
755.8212597848027
755.2522713317613
753.0872634325332
757.6022061683927
753.4443985756052
758.7245801425773
753.2282840968204
759.8072433258703
753.0086990209863
758.9747949380878
754.9814344127192
760.0816821370871
758.2074558640177
760.6029258059684
759.8810344557744
759.9781088615514
761.9145489115176
757.2233944665518
761.8720291230563
755.6918677114486
761.4829129805694
754.5159251157546
759.8879603755214
756.2612303172554
759.0231783962937
756.3637703285469
756.7606371951539
755.5226150374334
755.4639366172879
759.9342063904011
755.5529806070921
760.3519600004843
754.6067168158743
761.0213051264341
753.4912054526123
759.590912650101
753.301818434016
756.8741431630388
751.7969984052041
754.8105728774079
755.8790441036855
752.8659509045123
757.1508220955146
753.0695135907496
757.7133519847832
753.2887874505682
758.784932194411
753.8726865880982
756.9482535247282
750.0322392697333
755.0036032979207
749.1636087885809
752.268476129155
751.2504744125312
752.7751080112631
756.1582516282672
754.2246796532917
760.3490491144255
754.5075164503386
760.72924945099
752.217061990531
759.2636981354887
751.9068828697581
757.8121097625426
752.0028291003614
754.5240148481874
750.4993178901096
752.2066806262732
755.615926705267
754.8141699551753
758.5757384810088
754.3169844520028
759.0977297171729
753.9875285309357
758.1235421118702
749.6088153155969
752.5831353926665
747.0616465497817
751.3015758438335
747.4377743689267
749.3238124036594
747.3141252133239
747.421198568313
750.0985699182395
747.8254432765932
752.1646405826058
747.553707469643
753.9675366111586
750.2180461382933
758.3095057949882
750.9974620398591
760.1570135588319
754.8637474950191
756.8981676432015
753.2553156702038
756.097497743335
754.6070846696881
754.6129218552421
755.4777347811886
754.356659387872
756.6546449840326
750.6116296922049
756.0720173248824
752.1401261292858
754.7471853125337
749.98797899472
754.0850080225931
753.2897540367671
753.6903968806674
753.2116024084045
752.1501022315124
753.0242432112076
751.9069803528542
753.0694971365953
747.9370745915758
752.6346632597534
751.1428980742473
753.1659329535865
749.3114059369136
750.8035524236916
750.6832267984228
752.951047397254
751.7567967017885
750.9768276032229
751.0877227555118
751.1837199232914
753.6105457532665
750.3844234931711
754.3424899462593
748.9239052629415
751.5044336193797
747.8037559664136
747.9496895931686
745.2124442584845
746.4051958472744
746.8908998065039
749.2616558618287
748.3626652552689
749.639351698964
750.9622882235303
751.5313327178088
750.5023658992457
747.6653319120848
751.269223351715
750.7193689953355
754.586994425975
753.5500631711285
756.0126373354512
754.3201333769747
755.2560135375726
753.427904623521
752.9600221400668
754.2820536784449
750.722091871517
751.8879943945648
750.3567286989415
750.3742965510996
747.9533920069666
748.7064021123282
745.5358247971076
747.4674967323957
744.5800390719739
748.1210214392943
745.7696480960312
746.731150855332
747.9038058951419
747.1538899714518
748.0490774515022
749.341938100108
749.8832746042448
745.3808128078298
748.3984935119901
746.7018479200129
748.1793756104213
746.3183701048403
750.3557595373588
749.2258175030719
753.420213719003
752.5780805440609
756.1460687245083
756.7042042070827
754.7725418767519
755.5018836021433
753.0906916326368
755.9509046361014
751.7266806412779
755.3269532414781
752.48960329738
753.1941224781202
752.6670291697835
752.5184360192811
750.9965555386951
750.8017480364218
752.6993131893964
748.664806606892
751.5692207016779
748.4829494500327
751.1948915077375
749.3857143749822
751.0923461178254
750.8322174871928
752.6002737426222
754.0523969579343
752.1014829685332
755.6326073327507
754.5203660660432
755.5702133029017
751.9503948085112
755.6675464638895
753.2569735952478
756.1748307792869
754.9420730549534
756.9703821682606
754.7834663767209
756.4902397058578
754.4078204589545
754.2622627843349
753.5288029037755
753.2517120738495
753.9643685177546
749.7197322690561
754.0135577333672
748.8133415168028
750.5714505977821
749.480810043297
753.5553482825818
751.6656473445365
752.8027610508842
750.3408910398268
750.1565773914863
750.9575837165587
750.2606509291446
752.8837488135559
749.0887895766228
749.5034284301058
744.7626953637924
748.4654965850034
745.1326343292827
749.6464918620338
748.6893702003536
749.6714018748476
747.8594286540052
747.5291320326363
748.376907529637
746.7712402604085
748.5567378510681
744.0972338977418
748.0431042675849
743.9530136328422
748.1603603515923
742.0376462668479
744.7085717705304
743.8410552081239
743.8888558522517
746.0495348028019
745.8146321298839
750.6303329995765
748.0167428063753
751.7509650818951
747.9570636922939
747.7734706722733
745.3371845797188
747.1187259085473
744.6661621924659
747.0173946935245
744.5636991383643
747.2342740619047
745.5483176604818
751.1166542054242
749.4232395156898
749.7858915830649
747.3752512090599
747.1893714104505
748.8013953208012
748.8631225779332
751.9372822499959
747.3058592910678
749.3360880787286
747.4851909280734
749.3898586142275
748.1671358863168
748.039874134896
747.7314004024977
748.114297212856
747.4976439155564
746.7918350081248
748.8593451083337
744.823675891686
747.2745110735975
744.6904818434932
748.4126836484332
746.1977530635661
746.2646615500454
747.4577626666448
746.3319639481898
749.1091597724903
746.3244706452192
747.7428413258996
742.8410734488411
747.9075197977343
743.7109888611302
747.5056322387229
744.7541658920471
746.7151044238332
744.5524723635236
745.3807073906739
745.3198627050472
745.5207864585223
745.9707304091708
741.8273679625834
744.9351201936623
739.451839150714
741.250584739544
738.3095744655312
743.0536394541612
742.192074136048
743.552829767265
741.6625678670633
741.6480014733236
743.1577673699422
741.3111320816357
741.2993414879842
739.01575787446
739.3400237807604
736.9098502556769
737.0949512773393
733.9453127461958
736.6862465181977
737.2896086683631
736.2637841317969
738.8988040745656
738.0396342139171
740.339971266828
741.4274263056232
740.8656946978964
738.6827744687807
738.6788526390085
736.4312956477102
739.5457239570233
735.3877651794021
737.3358558289422
736.5247852447017
737.1013152147955
738.4230436826638
737.2960717547344
738.7315645409165
737.0847695483975
737.6233865279402
736.558384680936
738.2837669949599
735.0348625564161
737.709499572905
737.6385936474451
740.913685753415
740.072105075723
740.7284139402936
742.0516186080594
739.6395484796483
742.2064594479351
737.9385687761464
741.1358911233394
737.8652170891176
740.5344502568637
736.8392989749826
737.2625721159645
736.5613122961807
739.7507939735647
737.6614740278533
739.3122304856093
740.5200446031988
740.239866163261
742.3883777959729
738.8879981874152
741.0424828361147
737.0486177933785
741.70739030551
736.3210193126516
739.4123078832265
736.4755763693961
738.1713288134422
739.3555231973855
738.935033640854
739.7667817722944
738.5206691631136
741.2064006079584
737.2786971221778
740.0469435473673
734.1223683760854
739.415617815593
735.8181308870204
735.9259041767928
732.7590152233379
736.0319929447513
737.4084015602624
736.5901412111709
738.3507281293971
735.289900860447
739.0632062448798
734.199828310688
738.9344907987391
734.0409810592283
739.0340785882343
732.0021580817512
734.4629591190787
734.5083061407558
737.0726571825828
739.459021201422
737.6752975076779
741.7186478384963
738.7286709430139
743.337805760342
737.2191503008473
743.2571085330802
737.7744848471718
742.3764483229506
738.1602513924545
740.0080852838497
739.6866800755521
739.9421748503157
738.8114700219026
738.2735053724256
741.1285404364719
738.5057297008198
741.6785948849553
737.3173193781541
741.2961170857014
734.6041431641004
738.0650530130632
734.3622188434764
737.3963904099187
736.0419089312173
736.4423508207162
738.3422458272133
739.0082092192996
740.8811403295118
737.2607782106104
741.2103581349321
737.7920673222168
740.591183409857
735.3717567239553
738.6070784989979
731.92498962229
732.1109191095628
731.95326246721
735.374571774245
734.656443510559
734.5636698062139
735.2836161631221
732.7967453588483
735.6398092960537
730.057252750936
734.4703576101592
727.4908142854665
733.2104059411009
727.827437949535
731.2685654544836
730.9801992801883
732.8561175104269
736.0154667234852
735.2937518116659
740.2885330210696
735.1333983099231
740.6934645502035
733.5137151919773
739.9187017482352
732.4452669866049
738.518699454456
733.8139810824331
734.9957166853087
732.2873709414968
733.1343732443042
736.89934052541
733.4787470715789
739.0087782718015
736.1902570955388
739.3760040422013
733.7962273939488
738.9434184860559
733.1518812255407
738.4346478643321
731.6399867006219
732.721285786149
729.9127958495089
732.0258521340081
734.8384805176418
734.8120269067927
738.8267084263807
736.7392088362751
739.755864120996
734.0164956941485
738.5188071740831
731.2697787683998
737.0760029774523
730.301880441235
732.0566307909191
731.3351843361982
732.7456858625696
736.1548305899335
735.504894397218
740.411530961809
736.5775129291253
740.8360130334371
734.3860091466522
740.3833005936675
735.1936079363945
737.7600344414695
730.1177970222749
732.0020914837008
728.5412897653629
729.2388690127077
732.972225436603
728.6493933728631
735.3642691832426
729.8259436123814
737.1010950543267
729.3724414871857
736.786054120664
729.0962056430263
735.9140814227787
730.9709129438274
734.8332950892797
731.595443728567
730.4451896688525
731.4415547611737
727.2037749999275
732.2859068623083
727.0915055748579
732.6767320981098
728.7772724306644
731.6861296812915
726.092645744076
728.6290879650843
722.9716231758397
726.9061182946052
726.1516864424012
726.676382544383
728.5141698603746
730.0664688650951
732.9468050753745
731.3015198463604
733.3724314098813
731.0539724178723
732.6033723686087
731.1212065687465
731.4939992935388
725.5426090737147
725.5023857803022
720.4892963468045
723.5392876676648
720.7956320517469
724.7324987831416
723.7609447424795
725.3768630302536
724.395731489846
724.2273959465025
723.7508059653147
725.3926866135357
728.1711385383619
725.2003967643751
726.4442859903921
723.5393967202489
726.9421597823707
723.1997664001507
727.956279781365
723.2390793697431
725.9355121930045
724.5271894697231
726.0464032604513
724.9490836913928
724.5313427939083
724.2151287594395
720.7918608020493
722.501248318107
716.381986953363
720.312714790697
716.819450416947
721.7822043057502
721.8401785809037
724.0371016156897
722.944931544471
726.0337624430026
723.3976336034685
723.1272806842788
726.5537515135545
720.1153564439774
720.3915341290063
714.9640445041617
722.3207621883379
718.7625626128696
724.9819257028114
723.0669831346278
726.0914951333525
726.7216745837195
725.2159738493101
728.0878899482503
721.9672780920789
725.2659966529749
720.8463618222643
726.7157880235353
720.0844503299339
730.1883947469738
723.7982237677506
731.4609720097247
726.0935057776688
730.5489646266528
729.3819979615274
732.1452754722292
732.3254872750388
729.089357947687
733.0425564512607
730.5767159740461
734.2189702970473
729.6978888652008
737.2193333976953
730.3225583051184
735.3229289941823
730.2693591691288
735.8465278565127
733.6454974955612
732.6827498555988
734.045508468027
728.1867993629097
736.714363739529
728.060753742797
737.5856400427951
727.7055477281858
736.432646985117
726.7237357150427
735.6996391874833
731.3508493905196
735.8655994014472
733.5847769875521
732.4664971164827
734.5510372749247
730.4097277010135
734.8378079159596
723.3620499121889
731.1101113554371
721.3891558413575
731.6153801110275
725.22871792388
731.3155901966381
729.7196908695837
727.6527588630654
732.1187349360183
726.7818715391404
732.9027617184266
725.2494549357765
730.8912727500668
721.6927268982016
728.837239827992
718.4539375126268
728.2621042138695
725.2519122678385
728.6974791449686
727.3582101961251
727.2876943953073
729.3760158916315
723.8184050805302
730.6795059995288
724.1530659327319
727.9526788706997
719.7161826303345
726.0263286595177
715.4927905597715
724.9616299434662
718.5115357879477
722.4608936000212
722.7729113587895
723.050754610676
724.8135427698487
722.0877210851625
725.804761765172
722.4890946251281
729.2031212259872
724.1093812556073
732.7131227074648
722.6151822370134
732.6565724718866
723.5402068274027
730.3869895496795
723.244618117876
727.5519822827844
725.258376417597
724.1413122725048
726.401080914192
723.4977327588642
726.3115212849746
721.4117964613743
726.3575418591911
720.1414780300579
726.829274192385
720.4827659600221
727.261903974498
720.8832495824538
724.5428291999432
722.8152088224051
721.1716093682995
723.1942429286274
718.9581741283739
723.1445940667852
714.6551497854088
723.0658630072057
713.8070673743888
720.3253635131209
712.3866399634256
718.5455697692727
714.307234405839
716.9967170139902
717.9807922019095
713.773379435498
717.1757269935465
708.4253210400301
717.0536204345746
704.1111053370714
712.6225442434688
703.9690735427671
706.8091233987827
704.8330367192539
704.7811051703341
707.2411408069818
703.0456411398349
709.5829283264843
700.8216844645157
710.8843812826626
697.9224848885538
709.9415379302626
697.2087225034071
701.571504499404
695.3993018884921
696.5991401082472
695.8703479716244
696.137879207319
697.6712594909691
694.9486780766953
699.9007826239067
694.3675982600345
700.3184785211523
692.0191349893391
700.2377631499558
691.3137907151159
696.330901410383
690.566898837534
689.1402849536533
690.3365984968106
688.1696693197554
692.2894238433847
687.8127569812854
694.0430594409019
685.8169323122797
696.5400795070648
687.0771303353224
695.7476727011885
686.37476034792
691.0395389338507
686.842891322367
685.5880853072819
686.7421701607456
684.2223490966915
688.0279967773976
684.0632153812708
690.2163814892622
682.6751842604159
692.1989718910963
684.722904910696
691.3258249747928
683.779341029905
685.9645761286915
683.1528229282918
682.0159193171253
683.0332221753174
678.9487983891546
684.0831887920604
677.425392544901
685.3710163211452
678.2861036451345
687.6238055738984
679.6655190110203
684.9127635354373
675.8520185208876
678.1521960617647
676.052200717487
674.9351318330439
676.0708715150543
671.9519811872549
677.9937719642145
672.1248932907329
679.7064878973517
671.5573708142816
680.2632147534847
672.2369330030091
678.9876271591513
669.9496734214807
676.4024450868449
669.928095576468
671.2116585430001
673.0243645096398
669.3593983827391
674.8820733816274
668.7414505182796
676.2856267968564
668.8030499573699
676.7606771431422
669.5962291145527
677.1249827954157
668.8901861031895
675.2851542478799
672.2575276915885
675.4473551764272
674.5049632217393
670.7560371268869
675.2766480004221
668.9783438502824
677.8894650473015
667.9958594178344
677.3409339098315
666.7331732733132
677.7307128044833
670.039830054416
677.5177771644144
671.6985139232252
672.5326260030835
671.8870949298423
668.4184970289216
674.9510477817889
667.8242905619951
677.0985172798727
666.347021581281
677.4255676717229
664.6869700122713
674.5709029798436
666.2088630460133
668.8082776215244
667.7520169129235
666.2906840993547
669.765114910346
666.937284256598
673.300921498818
667.7056905253534
674.3090734329992
668.7788292179191
676.0558132834547
671.6906943890107
676.2612670554561
673.1482259458829
674.4800527438067
675.4496281414538
675.3865689321098
679.4866685288589
676.9270735018871
681.3649653106679
675.4429291318936
681.2842722806643
675.0287374932288
680.0835780638794
675.8937324875398
680.7341205894775
678.0685484543786
679.5130571399843
678.4409488576608
675.9839439368608
678.0852269267953
676.6792408390345
679.9774104261958
678.4933296518504
679.910476102851
676.2664545916641
679.0301982189617
675.9157168748038
677.1302426710113
674.0648186021042
675.7387121860033
677.0575399388254
676.7876877884167
679.375933005867
678.7292536786771
682.4638430845803
680.8385624425804
682.2743947976272
680.9739999098778
681.1594793792303
680.4885498532689
681.6306328529031
678.6295961764062
680.1144017716022
681.5564463860646
681.1025379984843
685.517720155386
682.2764990259627
685.652522838478
682.952495629358
685.4664602613968
680.7349380294401
684.1293042237799
682.5781970499804
684.5059971019359
681.638712071648
682.8150435601145
684.1958880521726
681.5126208471663
686.0066167620687
685.7706214847476
689.2016840389775
688.4145559586461
690.1257030743005
688.8572444178602
690.1308594503738
686.8004530168787
688.6988922706577
686.8823801636219
685.2310558282003
683.7953440085444
685.5824517668
686.5441788689734
689.3640036031048
688.8483149932637
688.6664208754759
689.31200468658
687.053563851843
688.6368460396999
686.7332834568099
686.6066766995735
682.1542340019486
683.8404128737691
682.7708645063151
683.582096176368
686.1784341112298
687.3452978993093
689.986125876682
689.4058771132261
690.5264781837036
687.2754359918192
689.4367389762542
686.2727957500965
688.592023228741
685.5748295019279
685.32628613944
684.2324857182622
684.069134624962
684.2825026081382
684.0899684378753
685.8557813409993
685.8795895008385
685.7653623185413
686.2698661524647
684.9574825181978
685.5775752001266
682.8461316210286
680.404140142738
680.2234062430484
680.9802489160154
682.9494456809721
683.1171428596007
684.2686052406375
685.2779952641688
684.1447843815984
686.5051113066835
685.0215479333748
685.9213082230231
682.8393333835077
684.6104253009087
681.2372042235635
683.3168186474168
684.2748667809345
683.7521484455075
684.066013583356
685.1111867090534
687.5548584118513
686.29776569529
688.5335307041962
688.5263927323763
687.6678050124123
689.5309827636493
686.2919674676344
686.9706001843571
687.3049230570608
682.4943985060698
685.3459220410583
682.5238609416919
689.506222141048
684.4080934478945
689.5770852000617
685.5063406578327
689.6031571278268
684.8360544913545
685.278301295957
684.2380730846025
684.6803333128813
682.7800504486061
680.306823488764
683.1734290384002
681.5413362651839
684.8028968411272
682.1673941034362
685.7111161038695
683.7737042883888
685.205712780624
684.058608965325
686.0741876878088
685.0404709981108
686.2128638103592
687.1524779489087
683.089541270812
688.4278051164029
683.6150305877918
689.8556105825974
682.3490654470908
687.9769979391817
682.1353369471899
685.7772922054864
682.788319529229
686.5358629739638
682.7618811360078
680.848721134829
682.8785657982319
679.5259145492253
683.1827599160328
679.8077411541971
686.6786815673914
682.0995680303158
685.0872576503632
683.0691575920847
682.3629940418372
682.499283068034
679.0057326847443
682.064266984144
678.8108106244573
681.790377218941
679.371697294292
682.0739899200973
678.6579053724499
681.4413635409702
679.2843993735966
679.904174595103
679.9026299843421
677.2620705970314
681.4558022624179
675.189881734816
680.1910543961982
676.1951103874172
676.8844841156528
675.0451519529563
674.2259236498961
674.6064657777782
672.1005849810233
674.8796165113839
670.5216448153135
678.2742363439087
671.9010800596566
677.937166491138
673.4255842189874
676.3260540332608
670.8849054595357
676.4805760786821
672.5657877256622
676.7737533683576
674.514703041611
674.4687444641039
677.2262447670702
674.018792857865
679.3772958546496
669.6648738092858
679.2588510415784
670.2471378956047
679.9116260079846
673.0512259597632
680.7552736989924
674.5025605515688
678.4208626992558
676.9486991070391
680.9067269215766
680.3554177404833
679.21411279534
680.9844360420043
675.5511202022825
683.6797935246926
671.7743025368939
684.0683326919889
674.9512816442025
684.1711428438311
680.0571625926577
681.587410585617
681.7912902627507
680.5154823919706
686.0837174655198
679.5908245861315
688.5719833548635
679.0779944415358
689.7434352073458
678.3496850769064
687.2948793993678
676.7784425040795
682.3387492283434
678.740347741618
682.7813661617694
680.6285293974782
682.9505694248774
683.959590282256
680.1612189614456
685.867390798895
679.3915588551899
686.6180594342646
677.1480917743306
688.6256009176682
680.5635708469423
686.1397428030499
680.6667448154267
683.8957762051042
685.7104260966521
682.2243465905015
688.510794693805
681.4996368732177
690.6561714237628
680.0954841542098
691.2030440672388
679.1306853829433
688.7531629836852
676.7967364300207
686.6048028440272
679.1204793583107
683.9873082341533
682.516753289816
679.4047061515014
684.0859858556405
677.3583802062128
687.6616918925635
676.9723801219433
687.5609805757643
677.3367463377905
685.7008932504921
677.7103375032003
685.5832471775716
678.1232437799745
679.9579414793437
678.1388225201857
674.5240843174851
679.2778834683908
674.2006769054451
681.0086404166783
675.1338219437315
682.7592446744803
675.8407700051006
680.2789710885445
674.8421362816817
679.6833363623708
677.1805181935964
675.9494023345047
679.1226509207528
676.2506540323574
681.8357923200616
675.920523156691
683.3652845843944
677.3528497513377
685.0965955332574
679.2838142924109
684.3394229536159
678.1170223939695
680.3680388858777
679.3687643657761
678.4954200450971
679.3307058406548
678.0398221085718
680.6713159605187
677.218135800415
683.3964168116238
677.003840606784
684.1146746388839
678.777610807333
684.5072745532415
677.6161508808913
681.2983639578588
678.0460747665555
682.7576641837358
679.8049886384075
682.7176027107649
682.0614340949144
681.3852626591938
683.3152464946113
679.6194234874972
684.5904875222521
678.7824319637278
683.8855878884592
676.5358974452814
678.3489146390162
675.2107738705827
678.6617913135118
677.6769308318638
678.2250208694218
678.2400929018916
677.9382766188356
679.6378075948929
676.8898714104361
680.3176706535079
673.7108399621887
680.0014319150268
672.9729822918948
677.1844663425063
674.1248773031905
675.1264870956836
676.3333354564868
675.4671180606042
677.2400038043809
675.9203141962037
681.5943658101279
675.6441611468734
681.9126302962417
674.319124239081
682.9354758915471
672.5592694592519
681.2780547571948
674.2203943711382
677.7240580117118
676.6356197294143
675.1787678239634
678.4272164816517
674.2295100557704
680.9074643452195
672.0567055249063
680.5927206820384
671.7104173308875
680.8075833003209
673.2483915057988
677.7439729150205
674.0703205112696
674.9114722037043
674.7496373737276
673.3496067257886
678.9223980650023
671.6765367863882
681.1125507136887
670.9138072598366
680.4533416794716
671.3306820148474
680.9996196261492
670.315187753381
678.5427871139527
672.8938288147309
673.2006763866501
675.6889261417323
672.0870422020455
677.1127951874731
672.5624325011956
679.8921251732598
671.7879258914049
680.1621400714605
672.5855781524283
681.6118540015117
674.0196061332504
682.1212878938182
675.5674184171063
676.6536916645796
675.4351414139926
672.4052795589871
677.3559090852327
670.3674951046817
679.1823517168319
670.1491979683083
681.1010513771515
670.1394442718943
679.9792918237182
670.8755157260208
676.6628386243125
673.4519319452418
677.0823823438932
676.5620019923404
675.8820054207077
679.9458993314757
674.2265471974268
683.3271735283091
673.393428712368
682.8818861502137
672.995505287148
684.0913137118075
674.6229035115364
682.8662787263518
679.3847300626902
680.9554673586185
681.5261227770684
678.8616406048203
682.6091817850872
675.4165858282746
683.0672809434114
674.2505761964404
683.076994066261
672.9938411685741
683.0943011463963
674.0161652891313
681.773772587488
678.0758253064606
682.0005561155516
683.511633696467
682.3119076598168
686.0293623666806
680.6347573446598
688.01612182123
679.2025895667043
688.8732844811033
678.6269958920046
687.0369695346626
679.0404062283735
683.3531628056384
677.1169180017431
681.4481385191865
681.8476130865446
683.0880228506775
686.6499636527559
684.2203276621824
689.4646747992417
682.3137162907351
689.754291563017
680.3985060114736
690.406563440468
682.3254239901905
687.3036325310255
681.2606131796774
682.457081598284
681.1385269490116
678.1048413237512
683.8106532711386
676.9828738626902
685.3012153710708
675.4209879934148
686.3944040775375
677.4980699066638
688.0901227826454
679.5796075920306
686.5742439180492
683.3030700115759
685.8243852047359
686.5199964519737
686.07205119095
690.2882493275954
685.0004846322237
693.0329564876035
683.9228768137506
693.3873815855906
683.0923724388942
691.7634483238713
684.7749909752857
692.5340997089407
688.916285623225
690.4875074883289
689.050567693001
686.2509348057848
689.7458019227838
684.9915922034261
692.5490714018762
684.242720691984
693.8720284474274
685.36660055717
694.6418463394435
687.3844663266918
693.6780971760913
690.865632307766
692.1486963396594
692.7540410688791
692.3815553987984
697.5408030177657
691.8984889314336
699.6204962901654
690.8765696485274
701.2173207810177
691.6458055161537
699.7991570195301
689.4215794767039
697.0795105045542
690.3651702225762
692.120997214452
690.6516754227845
688.1644880504347
691.6325984521444
685.1999713127739
692.6885258883256
683.4756828132057
693.0491862208133
683.3353399490383
693.722296453388
686.4795413941289
693.7426450002964
690.7837866561142
691.9326273068957
693.4527347254793
693.249301921489
696.6017896617382
690.1993423164362
697.2068560340032
688.5969692569299
697.2733849995749
688.0989966478246
696.4034367480838
687.8822400800132
693.3746628297214
687.7397354154139
690.125865269089
689.3279257031638
686.3261776179065
690.026637994712
683.4391531219687
690.8035839737014
682.5463872784344
691.6357901881719
684.0441313089186
691.5851683731761
682.2747286738734
687.3912008047427
686.00346551979
685.6159584492074
685.7487010776359
682.0348002766896
687.0069157233369
681.0843316983929
689.7273985295566
681.4959695597748
689.3049820724402
680.5118127881049
688.9974636221679
680.795126126798
686.9747362607073
679.7982547426159
681.5079115656029
682.2341753257092
681.7003955316209
684.4491831372235
679.3861107602354
684.7728129808781
678.6926147002251
684.95798034484
677.4644093600399
684.8159976678015
678.9800031717372
681.9236864502657
677.5439025428553
677.3524014435684
680.0633509103352
678.5413634732104
680.5350364891013
676.3013284709322
681.1066822921123
673.6446530628899
681.2588329565274
674.7436540167706
680.0078857787375
672.3965605094031
675.0893034949255
673.7599397642621
675.242525361767
678.5291882870906
678.2987767401986
683.1148555310966
678.7170929075519
684.7234517498113
680.4925717652684
684.8733371184542
682.9534418563231
684.644843085313
678.9835497243553
684.0081725012944
680.3740040996645
683.1131052278824
680.5364461417976
681.7674132503424
681.7418383262649
680.1407650588654
682.8736515659031
678.4799928198759
682.973816037578
676.4291778860626
681.861242505176
675.8454548974884
680.4305977781441
678.5961010982261
683.8966195136531
681.6091029563885
682.6307902615051
683.1084666951563
682.6908462863419
684.5398019612179
683.3588533562944
684.7845744272613
680.664025973658
683.4958956151759
678.0411638639904
680.3444494079434
676.9411047480288
678.6255794207009
678.2198998531774
678.8857456345564
681.2244966361482
677.7997324538773
682.8234885222446
676.1336132809645
682.5451151875084
675.260674180253
681.9740822812074
677.4175739621085
680.1183527393092
678.958706512694
678.1357474188146
678.9944661665344
677.1142163297676
679.756260829041
676.1251625518651
680.2554111263471
676.731232817492
680.2585345761615
677.0101663476648
679.3347671859075
675.9166536991784
677.2855233858356
677.5388450002508
675.2546868004745
677.5536832011104
674.4643640443961
681.5492010873497
674.5036619005181
682.0380826982442
674.2128947127624
681.7799443310321
674.6537779051254
680.1461057398653
675.8768764889114
676.6703415465191
675.9921436712533
673.9611213304918
676.4763301525392
672.4237739562288
678.1942537159081
671.4437243123989
679.4821215916398
671.8303587019321
679.8150319170659
673.8857869758391
680.238728392459
674.8724612401152
678.3649140379699
678.4425884283785
677.6934059978519
681.7907452163148
676.8643470100182
682.3405987589007
676.3185038089844
683.5666313397367
676.0561187080673
683.2664663930535
676.7852021985574
681.452474292547
675.9021974919956
679.934379599411
677.6967144387122
677.8957056870096
679.9734187135605
675.2405565774679
681.2477826551734
674.2508192524468
683.692495274147
674.0781763281846
683.6012579654185
675.0400539964752
681.9524969277297
676.0900740320444
681.5179285390928
679.7694423568157
681.945920562921
682.3110940392997
677.7130010535138
684.6039511156143
677.7668098093563
686.3749910588539
676.7657924537457
686.5331307392961
677.4018452987589
684.7830302333749
677.8311399491212
683.1895198472956
681.5121391895224
683.3434064519461
686.2068961487003
683.9655607868226
690.4939115513022
682.9519162817529
691.0024965334228
681.6982501345602
690.8826804871205
682.2052981248096
689.9261666439143
682.016271022956
685.580040186961
683.3761591225004
682.6892024839457
683.1136061686318
680.6886558281387
685.7603933883779
679.144311492347
688.0213873636144
678.5654371500534
687.5304173655003
677.8948274772483
685.3990521383195
679.4222858874366
686.0327881489062
683.867733750386
683.6878517407988
683.7438480233778
679.5750543815418
685.9004060707563
678.5097786129278
686.4921407850471
677.2613536673117
685.7966706666537
677.4083510050025
685.8487872322007
679.2297993791165
683.3430841606266
679.2683550960285
678.2965074407895
680.9252865870196
677.7527124417002
682.7567090373332
676.7735923056582
684.0371977897175
676.4623453112272
682.9382157814725
676.0459615814863
682.6227309977469
676.537495273781
682.6838168620995
680.9576664277588
680.4746305238334
680.8446183212099
677.1555207125955
683.772224131108
677.589464127971
685.2381478047487
677.0793948405855
685.3559239362653
677.0620915079429
682.3300013395057
675.1745374060919
680.0035999019003
679.417069911105
680.3308754139341
683.7588883995552
680.8534965278959
685.7677248718729
678.4003435735735
685.8532232869328
677.3196537721074
684.93144191399
677.6721554518864
684.7362059026356
680.7644687037632
683.0206472508812
680.5296775263469
680.4448617164546
684.1735368136908
679.2545800443008
684.3660111499854
678.2400481913023
685.5439008113922
677.2076279832856
685.0801131342381
677.892130420001
684.8836686930506
681.1466024617607
685.434289115497
683.0530290875735
683.5375343545934
685.1718252003689
680.2564585246371
685.5807480441028
678.3589555109846
686.0653033305431
678.2564639165271
685.9855857159032
678.5308573280995
684.5563911382982
679.5911076309617
682.0961301546471
679.7788325091981
680.1175271182992
682.0550001181974
677.4717138741299
682.9179125407953
677.0301438680556
684.7071059005365
676.9238008208382
684.828052545719
677.5737648317338
683.4953208208864
676.8487320451289
680.9000452026224
678.3897236510385
678.943829400298
680.7051831106163
675.9932618649347
682.933600446304
676.9018582182314
684.6616288993239
676.7418640574309
684.8256529784746
677.1135051088035
683.339630206077
679.203076300918
681.3125265434676
680.5160408633773
678.6745188092227
680.3523247478021
677.6701027769128
683.1576589825893
677.2969654185247
684.8455969141585
677.011599278806
685.5281328865649
677.292444623997
684.0497684384338
676.8341990006418
680.1068021263384
676.1979583519362
677.0305227224237
678.5330565671529
674.643697945779
680.1921530722562
673.6838922987143
681.4582879316358
673.8228276118239
682.0619417849837
675.6659443842295
681.574993435933
674.0336476681903
675.7977364680897
672.5818618241648
671.5980736911487
673.473186052253
669.3790689646838
674.9802402858813
668.538186378453
676.3487901750203
668.7460199623572
677.0166417952545
670.5910246570339
676.9446002542538
669.0720695352329
670.8848369932482
668.8442447052076
667.3526340826148
669.469701024719
665.1802474569638
670.8834195403233
664.3431462805154
672.057397052721
664.8414066271514
672.8721946678108
666.145096086177
672.1557195144696
664.0517428563882
666.6658084589014
665.089005900569
663.243296883052
666.3040895512752
662.0202225365302
667.5337592310726
661.2200435839252
668.8617977750458
661.3963011823807
669.7109892212567
662.1429191011516
668.2577935016737
660.6488593575328
662.1371373949055
659.2286641333918
659.0615026623984
662.1308240545302
657.9272647528211
664.9040682862916
658.5076611982157
666.0848255197758
658.9957602237996
667.4206042932325
660.1833423495325
665.2501560386575
659.947904465349
662.9024472526257
661.5978967369575
660.8370115486979
663.637635959319
659.6164895648632
664.0800967927589
658.4332571976257
666.3878712214707
658.9591669154258
665.6582776310639
658.3929669246279
664.170139237369
658.5876027641672
660.1663472327069
656.7489236555749
656.8967294051914
658.0054794815213
654.7262169845451
659.5320786291319
653.2367236327079
660.4523391272968
652.2977881557616
660.6543657060961
651.6145783398326
657.9646420178925
651.1733358579314
655.3996042798775
651.1945455296095
649.4475765458586
651.1637779884052
647.8542180360024
653.3322638723652
646.5635556915205
653.7970757598749
645.9559006737649
654.1546799018708
646.6719663839089
653.6408317497098
648.9200948921882
652.2494275686115
651.6003900662943
652.508621889651
653.9945899798685
651.1676285854562
657.7853592732105
650.7059483661388
658.9111833418917
650.744060313086
659.1882453298828
650.2437659748156
655.458301488678
650.5952290676821
654.9167976841774
651.8681480850868
652.4925122073371
653.8103068402236
648.9765797402589
656.0743223576205
648.7441392584728
656.3043559822795
649.1184030019069
658.0317970938191
650.1887951950009
657.3599722914331
649.5591552530731
651.5593039170739
648.7074023005922
647.7270431393139
649.6658105898192
645.3245842146871
650.9649754254498
644.1713479647655
652.2580226983843
644.2725644304986
652.9598848700049
646.979826225396
654.3893323686938
647.420819554569
650.2563783823167
648.7884375454487
647.9984511012417
649.5654754579004
645.5838203718139
650.8515890951323
644.4663163387212
651.7859581873576
644.5304760035511
652.3846142974814
646.4928719044926
653.5696073960339
646.8194132541598
648.8244797542447
647.2565745265589
646.3087080338158
647.9771226758746
644.1597491758148
649.2004510949212
642.87300170812
650.2604274261579
643.6404975498335
651.2986540230894
644.4018227739431
651.3071429050291
645.1023847023741
647.1271379707276
646.0636281682529
645.0118453438129
646.6716395951034
642.6827057822286
647.6776743585621
641.6293092427403
648.6529508750846
641.466281315919
648.944127369163
643.5122912599738
649.7075564521535
641.6635862185752
643.4596454913018
641.7187582160585
640.7116813655999
644.2978033507226
640.4782147529149
645.4621883256967
640.2278624802121
647.2998678719276
640.2971020756473
647.8448810478307
641.1578518039147
648.0258963838924
642.0588410823533
642.4070252164062
639.6666439602106
638.632357681007
640.2422972989797
636.1919153285637
641.2268930141759
634.8367321125387
642.2320139474615
634.9117628399712
642.5353565953977
637.0112097043359
644.0126812940285
635.6417050315026
637.4021876401328
635.2556931835156
634.9729112756878
635.8517229956886
632.0548900686913
637.1591907639524
630.8126385722194
638.5023442709353
631.1601708847076
639.2093955272961
632.0892869696704
638.0271433526875
631.1121323250039
633.8604640528337
632.2956040801956
632.1526240671636
635.2768446211974
631.534501142704
636.4429422211532
630.3186836428706
638.0156270847158
629.7232492063703
638.517623655574
630.3364339420299
636.7194887650962
626.9868735980656
629.7789168520126
629.0218919152019
630.7349300573131
632.5079120525463
628.889527288655
633.89795925921
628.0158611466707
635.2945177095307
627.5328567047787
635.7582427579052
627.8908920555205
635.0697577611888
628.4156594882809
631.9838268610149
630.8692357272474
632.5863201559141
633.872335731697
630.1355636083235
636.1801005996884
630.7744790620619
637.9464885460361
630.7750313047292
638.389027754746
631.7320826230931
639.1736978760947
631.8126490216912
634.8243407079643
632.5951589819656
633.3462426242446
634.2818185629973
631.7400103928628
636.3351260822016
630.3603937800116
637.85324772329
630.1936704101915
638.4091510026215
630.9555814413183
638.5800757569289
631.6544260620516
633.2699618253358
630.5074247803855
630.0534670684933
633.1158542157402
629.4606263684111
634.0230291611842
627.671635355132
634.893315845479
627.1305137041448
635.092079889937
627.990929961872
634.8461708885728
626.823176159231
630.0477858248809
626.2692185052808
627.9627504436706
628.7931550304903
625.0964275124448
629.8178489190005
623.3857966507101
630.6874202575607
622.8427294421037
631.7719301721551
625.3784179036129
631.8657051349124
625.4793265553194
629.0015971996462
627.9092983569917
627.3157485491997
628.1979162606925
624.6203354068692
629.2409195618247
622.7859393186777
629.8537851722921
622.1926756557958
630.8972735326918
623.6916765083964
631.2716529436666
625.7234264195531
629.3459396244635
626.1965028511063
625.3264930516169
627.3406915157261
623.1683394098371
629.4953579825302
623.6858966574782
631.0404062445027
623.0265026480371
630.9782404000106
624.1310465574292
631.505070560856
626.2926814482308
627.802643816313
626.9802526987289
626.0001813832729
627.191366362787
622.8988396378455
627.765135287116
620.8754061257303
628.1739145250488
620.1992864909246
628.1417983335057
621.4468415650339
628.5890555378784
623.5741572969747
626.0829971362132
622.9820314966568
624.5123607918935
626.0310744344996
622.3603833261136
626.6725448307628
620.7049817904485
627.4224658966084
620.5195688735317
626.999500252243
619.8683779223298
626.3646659126258
623.0308109452972
626.3607823142976
626.1072937525792
627.1189829177974
628.2593386830481
624.9432850737188
629.6883001285169
624.3917113450226
629.9272868910026
624.2152401078174
629.6705978368788
624.4355421410183
626.5124978098153
623.7254479334638
625.7511413182119
627.2257915848053
624.2750023533187
627.0227360919785
623.5534800849634
628.7818417888716
622.4341854626629
629.5678201845396
623.2320203937185
628.4052223742469
624.6879637408758
627.8401800838893
626.2789469244608
626.9042316009981
626.798588344321
626.7702887412531
630.0860404024163
626.6451570389463
632.8529221547558
627.5621632270345
633.2567085062063
627.1089779388809
631.787811275938
627.2337475402142
630.8006018280834
628.7503834710095
631.0744644498149
632.2074059777118
631.7459788512265
634.0237926435734
630.3906931036906
635.3639465269237
628.9217535628549
634.9393112727687
629.1322218324871
634.5816881401764
629.3949418821674
633.9244665923469
631.3724934534087
633.3441565116461
633.2110459226095
630.2719050834098
634.7004784883178
631.207465751812
637.3995855921581
631.9088688339291
638.3896844443246
632.0653538198535
637.4068750600201
632.3307705829297
636.8330254712234
635.2968040999468
635.2550829480316
634.9555903074869
634.1675465415375
638.4932285187065
635.2191189093976
639.8867059959452
633.8242658688835
640.1440329461134
634.0879083898308
639.6606925934916
634.493104185936
638.6718667266821
635.2009741736255
635.4138251684332
634.8755961429736
632.0361320034133
636.2194796934082
631.1877410496536
636.1324231098694
629.6224017315991
636.7479709820337
630.1529556307404
636.0138689710823
630.431394112337
633.9844229033218
630.4371901375981
632.7232025355657
633.2621593261163
630.6051937892471
632.9933699790425
627.9244584557442
633.0070274702305
627.2741287175035
633.8140891383314
627.1430539418569
632.9315764499925
628.6593634879306
631.9736881322701
629.9132761601679
630.0762042150374
631.2354114570544
630.4237319558683
633.1070379363032
627.931296024542
633.1051364195968
626.3879509747594
632.8554819284534
626.7206012265241
632.0860551049409
627.7233207780763
632.2844825758756
630.4143893302086
630.4944148496357
632.3690118615325
631.3312268053912
634.2063225855901
630.358148595166
636.9933144274601
630.4611110528829
636.817374988898
630.2732166914251
636.3037068660059
631.2458955998352
635.1948726139507
631.6136057025157
633.1725429776451
632.6487421775187
630.4302005051251
633.303118442831
627.8830282262122
633.6941545756326
626.6920600744946
633.5145673862326
626.533019407515
632.6713429839672
627.2212729150613
631.2259212228424
629.1631191069011
630.7763456887543
632.1976189768494
630.9454877755891
634.1632840271701
628.3338920743452
635.4673454349233
628.7279126377497
635.7757725587742
628.3939759966901
635.2336312100158
629.4218273701459
632.418481997352
630.3091736541049
631.9370199649447
633.5270821049986
630.7899913938071
634.7094304430494
629.9950015871968
635.8279893619098
628.5422639464853
635.6017041578795
628.2316690302716
634.7787886043166
628.8888750812886
633.493147367362
630.981599244082
630.9609736403163
631.251728329515
628.438433935666
632.7547928520673
627.5951616207743
634.1217185213696
627.4078721818421
635.0342904312281
628.3653612429906
635.2914185162565
630.5872120020722
635.0752010717188
629.4223056725326
628.6377312708553
628.2400343449392
624.8009565312396
628.4387909031636
623.1061749019378
629.5607963850468
622.883268704069
630.4416331782431
623.8414436388034
631.9075808922956
627.7956066699063
633.1714123689006
628.4016432751356
626.8587049363039
628.5327653719736
625.757105515379
629.5622145687425
624.4232529196983
630.7450779569707
624.2908691397695
631.5942950559373
625.1704900421234
631.7946230087954
627.2827665341632
631.6658038587823
626.5573229322553
625.2670538473512
623.7855637579773
622.4631910186606
626.1196691260647
620.9824693716432
627.2556084707147
620.8221840111047
628.1191065545007
621.7439003571725
629.126216075815
625.2089458629075
629.0610629835039
623.6694120351121
622.6944560949448
624.0250743940694
622.4986303982921
626.1747699671201
621.2585960480179
627.2876278912131
621.1202011734416
628.0941087582173
621.9966160564768
628.1632770882877
623.9909545270093
628.7113894534804
624.498437477586
623.2741855232389
623.8461283869439
621.435032710841
625.5287402933844
620.6978931608894
626.6039188463736
620.5595116981035
627.397574964067
621.5323886291454
627.7941385454726
622.9347002070735
626.8289492689833
621.7022985973055
620.8368014865196
621.3378918046275
617.200361668582
620.6036300575386
615.4320130827568
