nan
10903.08
6442.41
3584.3901
3169.9902
2818.6272
1831.8555
2769.4187
1676.435
12066.861
1746.4333
997.3158
2377.0615
2967.3274
1490.25
1750.611
1279.3679
1452.3171
3876.2473
1285.9138
11510.411
1268.7551
5246.44
1372.6365
1690.0162
1785.0812
1339.3042
1375.5845
1459.8328
13479.781
1198.6266
14277.473
1148.6086
6660.5503
1026.8179
2804.6611
1087.2745
1403.1117
1214.6461
1053.7797
1391.3392
1068.5581
1250.3107
960.3848
1682.2034
952.85046
2013.0427
952.3082
1329.0714
999.223
1021.4402
1062.1096
900.77924
978.38617
958.18005
1005.99713
928.3868
1146.9839
900.7136
1210.7421
934.51935
1051.1055
904.38306
934.6412
878.34576
870.76
890.6341
840.84937
933.591
868.8939
998.98584
898.7294
1016.253
857.1218
949.96936
887.16406
886.1849
954.6442
850.16144
963.92566
835.8551
916.4149
931.07886
953.3893
870.35895
957.1618
873.1997
917.5909
925.0525
876.7088
957.9383
851.5728
989.11646
900.60114
893.3146
892.66833
924.8539
886.27563
930.5006
892.4547
904.97705
934.6765
874.8828
970.7679
851.123
966.21497
993.3863
921.19806
973.2412
954.68994
977.81396
983.1967
1031.2675
957.19696
1003.23285
913.11444
969.4123
955.6772
933.21295
1002.10693
942.16675
1008.96454
975.2891
1003.5163
970.0723
1007.87225
932.6443
998.9658
887.13007
960.9282
912.7019
932.01086
912.94666
910.35693
954.5288
902.03766
949.56445
897.44275
946.93976
876.07336
955.94275
872.09875
944.6241
897.484
919.8395
936.50073
896.86487
966.6728
852.238
957.50934
847.6467
931.04034
836.4052
920.4655
841.47107
922.6929
948.12714
921.2344
980.6466
888.4891
959.27045
850.8815
969.38666
809.99567
971.61615
860.3469
966.3184
898.4102
964.1329
934.10864
956.5823
954.5683
926.0522
925.0669
871.2472
914.57324
852.0917
926.99695
855.8125
940.3834
870.33575
938.60834
893.70105
949.09796
895.78644
925.93866
924.1589
906.3967
945.0768
868.83795
958.12964
855.42145
956.49066
861.29285
953.50214
871.17944
944.8116
875.526
929.15063
868.07294
858.59076
910.3105
836.1151
926.5186
839.0143
946.6161
867.33075
953.8875
877.3399
938.4277
898.88104
913.52747
933.99225
908.9309
934.7018
878.0154
960.99164
870.8148
980.2514
878.6777
987.6691
890.3143
990.0428
926.0452
946.855
942.0973
918.0032
941.43823
886.8621
955.36646
864.2606
976.10443
882.1374
980.79175
890.8186
965.94495
911.54877
941.03046
936.1185
938.12537
957.4982
894.43945
953.3507
888.52924
959.8535
887.0838
957.9917
901.6056
965.90845
909.97876
934.60315
949.6681
948.58826
977.92535
917.2766
991.94775
921.44257
1024.7552
931.1838
1028.7377
931.4789
1002.58307
945.98987
955.5924
951.4306
912.86176
942.1529
893.9095
960.9286
889.51984
964.40027
883.4556
938.415
878.7531
899.10443
879.74475
872.9291
879.6029
850.8644
881.3883
830.7992
895.032
823.8382
898.66315
846.06946
894.44775
843.5285
861.3998
849.786
852.2887
876.534
832.9212
881.21454
813.71545
886.8632
815.4992
881.69916
832.582
874.00977
844.38086
866.104
852.51483
842.2471
860.12054
820.1939
874.2909
808.1089
879.9061
821.00165
882.2152
826.7014
868.3206
844.8889
869.6846
864.66565
850.9317
869.3556
823.40826
860.3641
816.52765
887.1905
820.81494
889.67126
840.07324
898.6487
858.30347
876.3642
861.50684
856.1826
878.46436
843.7478
886.34705
840.44037
896.4456
831.0264
904.2457
844.2892
901.2891
862.2712
902.9228
873.4771
871.32635
878.6033
843.6337
891.9653
846.93854
911.83405
836.5514
909.3752
848.684
903.53284
878.08673
897.57263
903.8651
877.825
905.7917
851.0214
913.16797
846.8932
911.7217
849.37976
914.6633
856.53894
907.6261
877.01245
905.88995
895.5941
885.7935
898.3651
865.51483
922.298
857.1969
929.06195
847.0224
927.5393
857.756
912.52606
876.8543
903.5959
898.9004
881.3262
891.1627
860.3207
922.8384
856.86237
938.9574
853.41284
933.4656
875.3404
924.6189
909.8286
909.46893
930.575
890.34485
935.66144
874.3362
918.2967
861.8811
917.4221
850.9104
918.1911
875.5502
910.3715
887.9654
904.8687
906.59875
891.4019
914.676
873.9141
918.3562
867.51965
932.58417
880.7049
935.0691
877.3877
930.66614
913.0092
937.53644
914.3901
910.50385
920.53894
888.0834
927.01636
871.34045
941.7297
877.0236
952.20215
886.29553
943.4318
894.4831
935.97595
908.5849
927.70667
930.30817
902.76764
937.7842
876.348
945.7019
876.40515
945.944
875.1742
930.20746
883.13586
930.71783
903.0609
920.6599
937.26605
902.3275
976.90216
895.1739
993.7243
882.2169
986.9334
915.423
986.93256
940.3444
973.3148
958.8616
950.8121
1012.1037
944.1545
1034.8324
950.6402
1062.1252
957.1875
1062.7919
960.2463
1058.4229
973.0711
1047.6759
992.23224
1021.83984
1001.10657
975.69037
1027.7666
967.10614
1058.2048
972.7759
1065.329
982.982
1060.3142
994.57495
1027.0618
1007.75183
974.6201
1009.35876
945.01105
1030.1322
927.7026
1040.5392
949.0006
1034.2797
968.0555
1006.1461
983.4273
974.46375
991.7615
969.02344
1012.62946
951.58716
1028.4408
945.8971
1027.5157
957.45184
1031.3136
967.2818
1041.5057
991.1085
1030.2036
1000.80096
987.4532
1022.0728
957.84436
1023.5442
929.04553
1039.4944
964.9325
1044.5355
972.25525
1025.6371
984.72644
986.99426
994.04095
969.9035
1027.1901
951.0561
1039.2369
924.9135
1046.0133
949.01215
1061.7896
993.69037
1061.5396
1000.53613
1035.2175
1027.0623
1000.19574
1025.55
955.48004
1026.2448
957.32294
1062.6564
991.5988
1087.8098
1009.9017
1072.0742
1011.89026
1065.7458
1044.9219
1044.8112
1060.7699
1005.58875
1074.7583
994.62
1081.0513
1000.5505
1083.7217
1014.7363
1083.311
1027.9586
1059.8253
1030.4695
1031.6257
1040.1221
1017.6766
1072.8367
1018.23486
1091.681
1016.3138
1108.6252
1022.8751
1096.9971
1025.3446
1085.2891
1042.256
1068.8107
1051.3986
1050.7311
1067.3823
1022.96576
1067.4958
1025.1426
1077.428
1032.4025
1086.0596
1046.8082
1088.3087
1052.9663
1083.8922
1054.6069
1063.939
1068.2289
1043.4166
1076.7858
1038.1245
1085.0814
1045.5275
1094.8644
1055.698
1102.7657
1066.3059
1089.1394
1074.8378
1078.642
1082.0388
1068.6373
1087.6108
1065.1084
1095.5197
1072.3484
1104.472
1081.5391
1110.9907
1094.4908
1116.9501
1108.5428
1082.7714
1094.7856
1079.6533
1099.6615
1081.1023
1106.6425
1089.2137
1114.4855
1095.1902
1119.477
1101.1257
1118.799
1103.2931
1103.1779
1123.2098
1100.2764
1129.3326
1106.9277
1137.0912
1113.9706
1140.0674
1121.7689
1141.4285
1132.4355
1149.5664
1138.8959
1135.6082
1143.4163
1125.2991
1148.1039
1127.8198
1154.5936
1126.2582
1161.6915
1126.62
1166.6575
1131.8364
1169.5016
1147.6096
1148.5453
1148.1155
1138.8135
1158.1162
1135.0399
1167.7339
1130.6538
1173.6418
1131.3036
1177.5432
1141.6176
1177.7335
1152.7717
1147.3726
1145.6543
1138.0992
1154.7432
1132.3506
1165.2233
1128.6057
1172.7031
1132.5203
1184.9736
1136.8359
1164.6611
1134.0862
1145.1572
1135.8387
1152.0917
1159.273
1144.0804
1164.3469
1136.0277
1157.7771
1125.3525
1127.6058
1125.9429
1124.9591
1114.8378
1090.3094
1087.245
1061.7964
1070.7174
1049.0597
1072.8287
1060.0295
1074.7638
1078.246
1074.0758
1069.1154
1056.2042
1068.252
1043.7266
1053.8881
1046.2091
1067.1604
1047.1942
1058.7604
1050.1434
1059.6041
1044.9695
1041.0051
1040.074
1037.6903
1035.5747
1025.2064
1027.666
1009.1833
1018.3248
1011.0201
1022.922
1007.4099
1015.5212
1003.6243
1013.6807
1020.8136
1022.63306
1026.4998
1020.62036
1031.9171
1030.8752
1050.8224
1043.2728
1063.3192
1053.6687
1069.8176
1069.6582
1066.4171
1060.8119
1059.9609
1061.8104
1064.6154
1061.2684
1058.096
1074.3704
1059.6794
1068.0273
1068.9131
1075.7368
1067.235
1076.8811
1083.749
1077.7603
1092.1151
1069.2496
1081.836
1082.0804
1102.7867
1099.6431
1117.5327
1116.2262
1114.609
1111.0587
1115.4833
1127.993
1114.12
1145.8949
1131.3893
1129.5879
1106.7728
1130.7196
1106.8013
1134.9631
1104.3181
1133.4344
1107.2313
1112.7455
1088.6559
1081.4944
1066.7054
1057.4755
1070.9357
1072.2288
1077.6262
1071.716
1081.4165
1062.2002
1081.6624
1064.7953
1088.3287
1066.4506
1062.4441
1048.077
1032.9713
1034.1411
1012.1675
1026.2352
1002.47107
1022.0099
996.732
1027.045
1012.33923
1025.8107
1006.26587
1001.71643
1010.8437
1003.24866
1005.48334
991.2906
1016.3108
998.9769
1024.4792
1002.92487
1032.1951
1018.7602
1043.7433
1033.2142
1037.5571
1041.5847
1036.1284
1051.1847
1029.2667
1058.433
1038.4752
1071.0626
1039.186
1077.6573
1045.542
1062.7297
1048.6107
1071.6011
1075.7028
1056.1211
1058.8146
1035.336
1066.066
1042.3274
1075.1091
1045.3673
1084.0137
1047.358
1061.5168
1056.813
1052.4525
1064.8771
1049.1217
1073.989
1039.842
1067.4957
1043.0939
1076.4795
1043.0009
1078.1041
1047.9833
1062.3752
1062.1283
1062.3408
1058.508
1052.1262
1072.2234
1060.7089
1080.5446
1051.279
1073.6926
1062.9006
1082.5952
1056.6604
1068.1788
1073.3698
1068.0479
1056.6132
1041.5592
1047.5881
1034.0969
1062.8428
1040.3411
1062.675
1040.1796
1059.5055
1033.3422
1047.3872
1044.8691
1038.4427
1029.8848
1023.95056
1034.1785
1021.61523
1049.1775
1029.0259
1058.5728
1026.7007
1047.8627
1034.0868
1058.6453
1038.3336
1038.3002
1033.6685
1029.5327
1033.5693
1019.9522
1035.5167
1016.34283
1042.6063
1016.7696
1043.1627
1022.25073
1052.0885
1033.9539
1049.6791
1033.8467
1023.27246
1028.8549
1022.52954
1043.8488
1024.9337
1058.1674
1024.9082
1051.6401
1020.67975
1036.6001
1015.8797
1029.5122
1024.5244
1024.2606
1029.85
1012.94836
1035.6724
1016.114
1049.0161
1024.9695
1046.2396
1018.25385
1041.8658
1035.4408
1048.6243
1043.7876
1041.7214
1045.3062
1027.8768
1050.848
1027.7113
1056.354
1030.2314
1072.5256
1035.3632
1058.4797
1032.719
1053.9686
1050.7311
1043.1522
1044.3723
1034.597
1050.1624
1026.4165
1058.4384
1033.189
1057.5052
1034.6888
1065.8877
1052.0686
1061.9604
1044.9517
1053.9253
1057.2545
1038.2408
1061.6257
1042.9486
1070.7725
1037.9647
1074.9698
1049.0201
1079.2028
1058.4698
1086.4022
1084.4413
1089.8026
1091.8586
1078.884
1103.9729
1079.6151
1110.3113
1083.7792
1123.9664
1081.9237
1122.1558
1081.3765
1089.47
1084.9573
1089.386
1091.8844
1078.6796
1102.961
1075.5051
1103.7544
1073.173
1096.9812
1061.8488
1093.3555
1071.3949
1074.051
1079.9103
1073.205
1081.9276
1057.6868
1072.7969
1052.2637
1078.1179
1054.2
1083.6305
1069.5848
1097.4019
1088.6969
1105.17
1109.1145
1102.5946
1119.4707
1088.3871
1118.9604
1085.116
1112.1608
1087.413
1117.9856
1105.924
1126.0044
1120.7905
1127.1515
1125.3326
1097.8466
1097.8688
1073.6207
1088.5747
1067.9282
1100.1571
1076.7736
1103.5481
1089.4634
1114.8094
1091.6157
1108.3843
1116.2255
1106.4042
1117.2571
1084.3336
1127.5907
1088.2124
1142.797
1104.5638
1148.461
1111.0637
1144.1868
1131.4034
1135.0143
1135.1099
1118.3904
1122.9314
1097.5099
1135.1779
1087.4467
1127.2899
1085.6812
1118.537
1092.2297
1111.9136
1098.2067
1102.722
1088.7358
1068.7893
1064.9312
1054.5325
1077.9198
1056.1069
1084.159
1069.7224
1093.8867
1081.4357
1103.9845
1091.8525
1094.187
1083.8127
1072.8743
1077.1707
1060.0574
1090.9164
1058.5367
1102.2671
1068.2169
1098.8341
1082.042
1090.8156
1094.6558
1086.7922
1094.8022
1078.6155
1095.5785
1084.4758
1084.2144
1083.0873
1090.726
1087.2212
1085.0157
1093.543
1077.2042
1077.6128
1058.2411
1082.6389
1055.7959
1085.6582
1075.4381
1092.2234
1077.5645
1098.3993
1095.8936
1105.3745
1114.8113
1099.7982
1120.3804
1103.6874
1125.6681
1112.7057
1131.3455
1106.9264
1108.6272
1101.6589
1108.9279
1113.891
1110.8301
1115.5421
1114.7959
1109.3142
1101.4661
1111.1555
1100.8949
1091.8164
1068.4116
1097.3217
1078.9617
1107.6106
1084.8638
1107.9832
1082.7191
1117.5037
1080.0559
1089.196
1081.6355
1086.4563
1094.0135
1062.944
1092.304
1076.3469
1108.4244
1083.7922
1102.2123
1070.1267
1095.7493
1083.5791
1077.3599
1068.6305
1054.5696
1073.8817
1063.8099
1082.0175
1058.5957
1089.5264
1052.5845
1083.8535
1057.8623
1080.4199
1043.7052
1051.678
1035.7736
1043.6333
1040.2015
1037.1975
1063.5295
1042.8088
1067.5074
1053.0858
1068.0016
1043.9313
1062.978
1060.2083
1064.8317
1066.7577
1055.7821
1048.5763
1037.9036
1046.7234
1022.19464
1043.7241
1020.97314
1058.8906
1035.3938
1072.9662
1061.9744
1090.0232
1068.4543
1089.3755
1088.5864
1078.2855
1080.5012
1056.2699
1085.5715
1052.8217
1089.5953
1040.3462
1083.9353
1052.122
1070.564
1034.597
1059.9677
1041.2778
1039.809
1052.6207
1034.2095
1051.7135
1027.8324
1044.1466
1015.5051
1032.6554
1020.9528
1019.6003
1015.9708
1028.6427
1007.4572
1006.8782
1008.25714
997.1308
1000.68134
988.135
998.5137
996.9291
993.1234
985.6368
982.5151
984.399
962.0665
963.66394
947.01575
960.3963
956.6601
968.6462
969.5214
974.8779
971.4087
973.3241
976.5944
976.24335
987.35394
972.5292
974.25415
960.1091
964.8625
953.2642
957.8756
951.6926
954.5323
961.94635
950.2647
967.94556
953.52545
956.4901
943.79065
950.4161
935.60535
948.7597
937.5797
949.3222
951.0264
948.9082
948.81836
941.52527
949.6472
941.8089
954.7174
940.136
955.69574
935.7923
951.22406
948.731
952.6287
952.60223
952.73096
965.5351
955.87024
979.39685
966.68677
999.5607
969.33966
993.48267
978.3175
995.7755
978.9269
1005.98914
987.14655
997.42804
987.7584
999.3017
999.23444
994.3136
994.00385
978.0702
1003.6818
972.4673
999.65436
980.2561
1001.5664
982.2277
999.9015
983.80035
991.5033
981.09296
980.5039
969.9846
973.9196
971.0955
967.68427
980.22253
967.1939
994.22327
974.1929
999.259
965.3063
995.90216
961.0742
967.30115
951.5685
960.0756
960.89764
948.50616
957.77344
945.014
965.87085
954.06476
967.94604
955.2939
965.4835
955.8032
969.46246
963.3757
955.7812
951.15924
943.4338
960.80505
946.3628
968.9668
952.9824
974.46106
951.9415
974.14606
954.74194
968.1719
954.46655
959.621
962.2595
954.0683
960.9249
948.86926
967.7197
950.9435
977.14264
954.22644
976.8671
960.7991
974.4322
960.0335
953.33514
950.7738
939.37225
946.09924
936.0769
951.98816
944.2505
953.67615
946.4934
956.6368
950.9755
957.0138
954.888
951.0513
959.9587
949.21765
965.93085
954.5116
974.44543
960.5665
977.75726
967.3651
982.2012
970.3357
982.9395
964.5592
956.1085
961.2171
948.6711
963.46716
953.38043
968.3094
961.5559
973.9027
955.5555
968.1807
957.3691
971.99976
942.75323
950.7324
946.4607
941.30396
951.7146
942.0015
960.444
945.1325
963.31494
943.27795
964.78625
944.8553
972.5385
938.99493
957.2321
929.9613
941.1724
935.0483
925.7
947.20807
912.2379
952.0348
904.5077
960.79755
909.61365
958.46606
917.17145
937.78186
914.0443
912.7669
922.9946
911.2472
929.8191
902.46826
938.56165
891.80786
924.08514
876.92926
913.0019
867.29865
880.70935
869.5845
867.34827
870.42334
855.3019
871.3052
858.62604
873.6077
855.51
878.09656
859.425
871.9138
856.0207
858.52924
853.2845
850.20807
862.17175
846.7182
866.56824
850.5015
875.10986
856.41895
882.8194
862.43695
882.29395
862.2623
864.06757
860.2551
848.99133
853.6348
842.4506
858.5731
842.8113
862.6586
840.25726
865.06726
841.9678
854.13544
831.24207
841.9336
834.9615
828.9684
837.90686
825.4101
847.21356
822.22894
845.3912
817.1766
843.93475
825.2364
842.1086
823.77545
832.22253
831.30035
830.00037
838.4659
831.96924
849.52325
833.6902
853.9443
833.5101
857.37384
826.7879
840.54584
825.923
834.94385
825.0129
820.5369
830.70544
820.5715
844.2136
824.02094
854.4869
830.9276
860.95215
841.42957
858.44025
839.03375
841.0997
836.0886
836.0653
845.1577
836.2032
859.1988
835.50037
860.3926
831.2959
852.8309
824.6895
837.46405
815.2259
823.271
818.70825
823.9732
833.7194
824.2197
847.5444
823.08356
849.741
819.77136
843.7552
822.71735
849.8821
838.67706
857.78906
850.66064
845.6741
856.17194
840.0829
866.0882
838.7439
867.7654
833.17065
858.33923
828.472
847.2853
826.6395
838.72003
832.99225
835.0711
842.0452
832.6795
855.9414
837.3877
866.5945
837.6638
855.2937
834.27655
853.1964
832.5512
845.68695
831.8468
827.72656
830.1053
821.0859
843.07947
822.0808
851.7779
826.57404
858.031
830.5227
851.5658
836.84814
849.2651
832.47
828.2204
829.7829
816.5988
833.9144
810.1801
833.0746
809.90265
839.0906
815.0181
842.76074
821.5557
835.77673
821.40564
822.541
830.443
817.39514
832.71045
815.0581
843.7224
819.95825
849.78674
823.8713
849.1869
825.15796
832.22485
822.069
822.94214
832.8281
815.4466
839.1962
816.38385
847.07166
815.32855
851.6792
819.6188
838.7633
813.82263
818.48785
808.26294
809.55853
818.94806
806.06274
828.86206
804.8059
834.4452
804.8337
832.5523
796.4698
821.21783
791.3634
804.0091
794.1056
798.77185
808.4917
791.62695
812.8745
787.04346
816.78595
780.74194
809.6386
779.42505
794.6627
774.15424
784.62354
780.9326
785.8801
793.25
780.1337
803.51825
775.8458
809.4172
777.745
818.357
788.46844
815.61255
792.20184
804.7587
795.9651
792.9907
803.14813
790.03625
814.5095
788.7394
826.72577
796.2631
835.6192
804.5856
837.97614
812.03577
823.4034
812.13495
814.4732
825.9439
809.1392
832.6538
808.0398
839.05054
816.5837
847.39343
820.3205
837.5879
817.7382
830.70605
817.20325
815.5018
821.19617
815.6263
828.7068
815.6068
828.8084
816.84644
835.55365
817.04846
832.31067
816.04834
828.2989
829.34216
833.6506
830.5605
823.52637
835.9054
826.2871
839.02344
822.6544
843.4211
831.61334
838.93945
825.2573
833.4487
826.4937
832.1325
831.5654
824.3447
838.55396
822.5963
844.41473
822.55133
844.24054
821.002
839.6811
823.0736
825.9702
818.73267
824.37067
828.7282
828.72363
839.1725
832.6224
851.18176
833.71747
856.96
825.69354
849.2557
831.086
842.155
842.9667
839.7846
851.9983
841.02814
867.3797
844.71747
871.53534
848.19025
867.08136
842.5511
854.1323
838.8556
847.96155
843.12946
838.76965
851.2199
839.82117
865.55536
845.93744
871.5073
851.8605
885.2811
856.7001
867.9987
861.05005
870.44055
859.0616
865.4393
878.7818
860.7105
884.76135
863.2725
890.2453
864.22687
898.1358
859.4956
880.2181
858.03107
860.3181
856.9151
855.807
863.7724
850.6903
875.5857
852.10675
875.7961
856.0986
873.297
852.04016
872.7859
846.3114
862.88184
850.46265
849.78864
865.4315
849.87585
875.98346
851.84393
878.3567
853.10614
889.108
873.6341
899.39594
871.8659
880.7974
871.0391
859.9057
880.0062
865.1655
896.81464
870.7078
907.12665
882.02637
916.9753
898.4361
917.92163
901.1025
911.5845
909.5862
904.12823
916.27814
892.7806
923.68976
897.7177
927.4521
892.11115
925.91925
901.7598
919.4054
908.9032
924.0042
912.01355
904.55176
917.9977
891.7519
925.0752
892.6379
920.9308
894.07513
932.6845
915.7551
929.8679
911.07916
916.20245
918.6401
908.42615
933.6915
910.41986
941.2107
914.78076
948.21136
920.0554
942.1685
920.04114
936.2792
919.88995
916.4729
909.5008
908.5894
923.54346
903.2721
930.2416
912.36115
933.3478
921.5936
935.40295
929.1557
950.7805
943.6169
930.6778
950.56213
926.14825
953.71234
939.81934
964.2101
943.579
967.47034
943.6721
962.4113
945.20087
954.405
941.14264
927.14435
945.54065
921.2857
938.45703
928.22864
945.69934
941.8261
950.8689
944.96454
956.3064
941.05975
961.35205
950.8661
942.76996
943.5441
943.16205
954.7891
942.2709
959.6621
950.90027
961.1088
945.9323
965.1703
940.36804
963.0105
941.3294
934.4213
929.78046
921.3415
925.9026
915.9191
936.61957
919.56976
935.116
920.6713
933.4503
913.17065
921.1574
917.3261
915.1954
917.6134
902.95074
912.8164
899.2197
921.38544
904.4534
923.45404
918.2354
919.59534
927.0839
908.5876
931.0965
916.58887
929.20166
912.081
931.94916
914.54193
933.28815
921.6866
933.72205
921.6161
929.7223
934.66644
932.1853
923.52716
915.04407
915.16376
903.1767
921.94666
906.3855
921.6712
917.1806
920.4602
918.3059
921.45593
932.68463
928.6446
925.55707
913.8693
935.02545
928.02905
940.8626
930.28687
951.373
934.05676
954.24695
945.9146
956.83636
956.03467
958.1787
951.0917
951.18726
958.90295
950.5105
962.5957
947.2963
960.73724
950.08435
963.0117
953.05927
955.9186
961.08105
970.643
958.265
957.13696
951.99567
929.24994
942.2322
922.33453
951.5787
922.9213
952.6457
917.004
950.8083
917.41797
930.6635
911.33563
903.10406
897.28015
888.50555
904.41174
890.07904
911.86945
891.6434
924.5757
904.3576
937.86163
915.43884
916.9571
910.04156
913.0851
923.6382
911.80005
922.87854
899.01276
924.71564
900.9131
928.9293
910.3033
925.8026
921.67505
925.63464
919.8102
910.634
912.09515
893.67993
901.46594
887.8454
914.55994
894.25995
914.5898
890.598
906.52045
897.5381
903.56464
897.0559
889.6881
898.8005
882.4141
881.24475
880.9066
886.33276
890.11395
886.76227
886.3345
888.01337
903.51855
894.7218
905.8285
893.3174
904.8402
899.5774
902.3488
899.26025
907.9406
909.9231
910.1155
914.5455
908.59094
913.02136
901.0603
911.61346
911.0116
925.5087
914.72485
923.3421
926.0572
929.59436
938.81354
931.4815
934.74414
929.3542
942.3346
940.93585
963.9255
953.16125
966.1477
955.0197
955.1714
950.1033
953.2547
968.1745
951.32245
967.96405
938.85754
951.12067
928.9627
952.8027
944.26013
943.8227
932.6115
932.99036
937.3
939.69806
947.1899
940.5986
959.71967
950.2821
958.92377
945.05707
955.7979
948.2396
964.57794
945.0338
956.7317
954.1949
960.70734
960.1464
963.1117
960.39685
947.4611
944.9367
935.0833
941.0563
927.839
934.6595
930.4071
940.18097
931.5701
938.6641
936.5869
945.19867
940.2642
942.98584
939.53076
927.9242
926.7471
920.782
914.05005
900.1844
900.99475
900.2385
902.576
900.6873
900.8048
900.8384
905.84753
901.17993
898.2373
903.9939
900.76794
893.928
886.5946
892.74567
885.00964
890.56006
891.0432
893.6541
895.1917
898.0178
900.1746
903.3389
900.1147
907.37854
902.5041
902.7431
902.6359
899.46814
912.57874
904.38116
917.61786
913.7056
913.3829
915.1218
919.71747
907.1387
912.4808
913.041
898.6912
898.45325
895.689
907.4629
902.6616
916.7374
909.5474
922.3916
915.27075
912.4204
911.8536
915.29
913.3954
917.4957
924.9684
918.3801
933.8243
926.0945
943.4498
933.90106
941.5499
940.96924
949.28436
943.4112
934.5206
938.7376
934.7913
939.21545
935.00244
937.39185
933.24426
937.5937
933.7321
936.3728
916.6075
922.2415
901.9315
913.8659
912.2196
906.01166
914.9453
894.1083
919.1044
902.6934
930.79645
912.4229
934.6319
937.7565
949.41266
962.8967
935.7673
955.15045
946.51434
945.8484
947.96094
946.089
959.5773
944.8508
957.0089
938.3641
948.576
928.8416
937.3873
936.77734
945.0107
951.86676
950.38934
951.99023
956.10114
956.6424
955.8703
958.8504
966.0681
962.7566
968.2251
972.74133
962.51715
976.8075
960.8891
961.56824
953.8256
950.80475
955.0
952.00757
960.59625
938.0375
953.10876
933.0769
939.54486
926.66925
952.61584
937.4778
939.1536
942.5597
944.9233
955.26636
944.75116
959.2703
945.30023
956.5735
936.1509
954.50793
947.4811
972.4722
967.0932
969.8663
961.9899
972.5969
973.021
968.6129
978.1839
976.9272
988.06866
975.8753
981.3541
958.54016
965.14966
964.5326
988.28265
973.0817
980.24896
980.0352
977.18097
969.8708
961.5041
969.14197
953.9043
951.7401
940.1607
941.4707
929.0874
945.54926
942.9296
956.7535
951.9637
954.5661
947.0795
944.3682
956.36035
962.79694
981.1155
963.93146
964.06323
959.49963
965.21387
952.0207
967.55884
956.36926
967.8623
949.88916
956.57806
949.79724
966.65173
962.7589
968.0681
966.6755
953.96
960.8581
949.983
963.73724
954.4574
962.68243
969.71466
970.38904
974.0229
958.84784
958.3082
941.3847
955.9681
938.81104
949.83594
937.86285
947.90125
946.4588
950.1139
947.2639
945.67664
949.0574
942.23584
947.03064
935.695
953.4832
933.03296
949.66534
934.7733
945.5014
935.9186
940.04895
938.31854
942.6239
932.6969
932.08075
946.56445
926.6669
943.0017
922.56
935.2494
930.15784
943.8953
936.4604
944.1642
938.98486
942.6709
932.8655
922.0343
935.268
918.3733
917.6798
910.4589
914.1171
908.2037
916.8876
909.3789
920.34705
919.0473
916.33105
910.0678
909.55096
901.4136
899.05914
903.40063
896.5488
898.4642
891.1368
898.6896
894.96436
903.2361
897.2549
904.1
895.6693
905.74005
894.2996
889.2775
890.43134
886.5617
896.8201
888.5762
900.1604
895.43317
904.4753
900.2543
907.97473
901.2375
908.2192
907.24994
899.09625
900.5665
890.6665
902.6725
894.64136
906.1698
902.17
908.47186
904.33405
911.9113
905.2454
909.82666
912.25653
899.2135
903.0803
885.05365
896.2514
887.03754
895.63153
888.6986
900.5956
894.52264
907.8329
891.96063
895.1438
877.16675
882.15356
881.42914
879.627
892.8164
883.29724
897.8506
885.98773
899.50494
885.2565
904.7016
891.1964
891.60736
890.4173
892.0013
883.8497
878.8503
889.21765
875.6598
887.8749
877.5766
897.2782
880.7786
887.1664
871.0509
871.1387
866.611
871.6456
877.7547
878.8862
890.57916
881.7778
899.38934
883.3252
904.9325
885.8252
901.08966
891.321
906.0061
889.5845
897.85596
904.9972
907.78735
915.12146
904.44507
925.5206
905.7497
934.01495
908.1197
936.9915
922.7005
943.2267
913.5531
921.34296
915.62463
911.17395
912.16425
904.69904
925.2992
908.1144
929.08514
896.34357
927.75793
896.27277
910.189
899.8388
901.8684
887.7599
896.5245
895.941
888.83325
907.65656
886.42786
915.06616
882.67883
912.083
885.5149
915.99994
889.01984
898.1384
879.46136
882.91125
884.98376
875.9587
888.94867
870.4896
898.0389
871.3601
905.65985
872.67737
908.04114
869.8081
887.7235
869.20935
871.70905
875.12933
864.9666
883.1848
863.5377
893.1735
864.4425
901.08887
865.89545
902.659
862.2174
874.51013
854.32227
859.76624
861.4735
853.9429
869.3051
853.58844
876.60846
853.40125
881.1987
853.98706
878.04114
841.7959
848.8937
827.3771
829.78094
827.599
821.79004
835.507
818.1223
842.5583
816.0393
848.1469
822.5204
841.4106
806.01483
808.51965
796.9621
799.67267
801.908
795.4013
807.9675
794.9762
815.4027
793.173
821.34467
795.59045
814.0709
782.0465
791.3385
769.42694
777.364
774.12897
769.7821
783.4009
765.57153
792.3618
763.89197
798.1582
765.0946
792.71796
754.39984
764.2196
744.92065
747.7057
748.02637
743.728
753.7137
741.97424
759.7206
741.01697
765.1267
742.3533
761.8489
731.4686
736.4516
718.1771
716.2651
716.91907
713.2675
723.86273
712.9281
730.3386
712.4522
733.467
715.32965
729.14355
705.4116
709.71594
700.4699
705.09937
706.11066
701.9061
708.70807
697.7888
712.99805
698.55505
716.8134
695.77606
708.41205
686.3602
690.71606
678.48035
682.1262
681.222
679.16156
687.54
679.30426
693.2275
680.5279
697.08844
683.97577
695.64215
680.4345
683.4361
669.9608
673.76624
673.34265
671.42676
679.05707
671.3555
684.85846
672.8391
689.16376
674.4976
689.70435
668.5297
671.2492
658.829
663.2007
662.8496
661.05835
669.3388
658.333
675.2894
658.4134
679.4149
660.2201
675.7733
655.50116
662.61176
649.4739
653.886
652.8776
651.7713
658.9495
648.332
663.2566
648.3206
666.5546
648.8745
661.8836
646.172
656.0911
648.21857
652.2933
651.1149
650.20215
658.4658
650.1201
662.8926
646.0935
662.6798
648.9627
664.03503
650.7556
656.32104
648.68896
653.96875
654.21967
654.2237
663.3905
653.016
669.14185
655.03864
673.685
654.48773
669.7458
657.0114
673.6043
665.60474
668.5262
666.4534
663.20953
671.8473
663.5511
678.181
661.81793
679.28235
665.4785
683.193
671.5669
687.2497
676.50946
681.6746
675.17957
680.08154
681.08636
678.76917
684.7268
676.74005
684.714
675.95233
680.5209
670.4398
673.5145
664.9407
668.7893
666.48553
671.66846
670.63446
669.73724
674.11383
671.0503
674.85724
667.806
672.5458
663.8302
668.97504
664.68225
668.89984
665.6021
668.3217
669.5658
669.10626
671.3848
668.5808
672.4545
667.17096
675.3985
667.10425
677.88074
675.0941
683.7201
680.2956
681.9122
681.39026
679.97205
685.2305
681.5246
687.4097
677.872
687.4479
680.4579
687.7425
683.36505
693.4137
690.63043
691.7794
693.5655
692.85205
697.73987
694.3049
703.51196
698.3299
707.3059
694.1792
700.88153
693.1009
702.02155
701.3345
703.53546
707.6332
701.9271
711.7449
699.8692
716.5941
694.1447
715.62695
701.10815
714.86584
707.27155
711.98083
706.7346
705.64624
714.28534
703.46844
715.53
701.23505
713.96295
703.4638
716.7321
704.33606
712.9888
705.3897
714.5689
714.55634
711.341
718.9183
707.6812
722.7005
709.36066
725.4665
705.41736
721.66437
699.9559
713.6711
699.8575
704.69507
705.3153
701.7152
708.964
695.53204
712.3601
697.04297
713.68243
694.50366
712.6732
697.6124
710.2902
706.094
707.7896
702.6726
699.9879
705.2682
699.8025
709.9552
697.65814
714.8193
697.20807
714.9941
695.1939
708.64923
698.99677
703.8809
701.0823
697.7257
708.85614
695.8116
714.8805
698.4181
716.6787
694.1511
714.13446
693.23517
705.5049
696.00397
703.42755
700.8455
697.492
708.1852
695.76917
714.5195
698.0299
716.76276
700.55035
718.1267
710.802
724.00073
717.49915
727.02246
724.5406
728.9605
730.7633
730.72723
736.60297
730.6318
742.52325
737.6759
743.499
730.5483
740.6716
733.0057
743.082
735.74457
741.0103
742.87085
742.1512
746.08167
741.24866
752.8584
742.945
755.0014
744.7736
752.56964
739.5897
747.09106
743.27454
745.39044
747.0956
742.5605
750.8864
742.6413
754.86993
737.9864
748.7152
723.92664
730.49524
718.14484
723.5797
721.57587
719.97394
723.0942
718.2666
726.63885
717.8575
730.9984
716.87933
730.57263
706.95917
709.55426
698.9632
703.777
700.89557
700.30133
703.77466
699.6704
708.01776
699.5566
711.80505
695.687
706.8853
686.1657
691.6
679.2434
683.41077
678.21576
676.6631
680.86896
674.8613
684.73846
674.1512
688.87756
673.9219
688.05835
665.08545
669.0464
657.1589
661.2073
657.6023
658.56665
659.30835
658.2404
662.321
658.0137
665.60034
657.11005
665.66833
647.7978
652.5615
637.9659
642.4733
638.5868
639.5993
640.6081
638.80994
643.81305
638.1451
647.14215
636.6547
646.43005
628.2578
632.31665
622.68134
626.34155
624.82
626.4064
