nan
10876.081
6637.301
3684.3481
3699.1094
3029.5168
2233.5005
2979.2954
1915.8956
12274.235
1887.2277
1023.09015
2359.6367
2903.6814
2200.891
1685.9297
1381.8264
1507.5089
5207.364
1478.0267
12325.605
1468.5505
5488.3447
1389.0198
1780.7078
1467.8296
1385.5166
1421.0992
1476.0541
13872.447
1287.8981
4104.0737
1367.543
7045.026
1406.6536
3106.442
1367.0466
1526.9915
1467.3552
1153.8757
1613.8937
1171.8455
1467.8899
1201.669
2298.428
1285.3422
2629.077
1350.0994
1720.0568
1339.0576
1250.6688
1329.476
1073.4397
1108.6393
1108.5645
1275.7457
1170.4474
1581.0767
1218.9917
1692.2393
1282.4214
1408.2797
1122.069
1178.5944
1077.1532
1060.1351
1086.9722
1084.0125
1208.9464
1183.8146
1403.5183
1222.6343
1465.3496
1242.8822
1313.766
1218.3026
1152.9478
1216.5714
1063.271
1193.1552
1095.8237
1190.4412
1185.8469
1326.7194
1256.5309
1355.1318
1312.1511
1248.2008
1242.7981
1131.8093
1251.9541
1054.4137
1316.2513
1098.7523
1188.3347
1185.5494
1274.986
1225.2518
1306.1183
1325.5515
1232.5604
1289.9836
1137.8633
1295.8658
1068.2421
1289.6083
1158.7502
1179.3699
1291.2017
1291.1101
1358.0612
1335.325
1331.4435
1268.645
1347.0524
1169.3944
1274.0125
1104.9133
1195.6229
1244.0872
1206.1925
1303.5111
1298.7094
1308.9099
1306.0446
1305.984
1221.7864
1335.8495
1129.5973
1238.2222
1123.7001
1197.6945
1149.0328
1132.931
1252.0386
1206.7677
1268.2104
1211.4467
1293.9651
1150.3369
1286.5743
1144.0118
1306.1068
1135.9387
1202.3335
1223.5504
1204.6306
1325.1635
1209.5726
1376.0646
1140.6484
1365.8079
1148.9976
1381.2234
1158.0858
1390.276
1289.6041
1379.6868
1366.5762
1261.1881
1408.3696
1225.1085
1388.6824
1154.7437
1377.7002
1224.0955
1365.24
1255.6299
1330.0608
1296.4336
1310.9174
1295.2938
1309.163
1348.4974
1317.3752
1365.4381
1294.3202
1345.4863
1285.1713
1343.0266
1281.9722
1356.6545
1305.869
1361.2299
1343.6677
1365.1045
1403.9675
1377.7827
1408.8875
1367.5519
1414.5308
1354.238
1420.9626
1352.4861
1423.95
1377.7228
1406.0333
1404.5406
1407.4156
1438.9907
1428.9803
1433.0704
1406.2139
1440.799
1409.0758
1441.4429
1403.3994
1445.1554
1424.5594
1433.0243
1435.1426
1430.5804
1451.0149
1434.6062
1447.202
1430.2389
1458.511
1418.6692
1463.919
1439.6353
1455.5443
1458.0056
1422.7261
1459.8263
1433.2417
1460.018
1459.683
1447.3983
1455.8947
1469.0537
1465.4475
1460.4478
1470.7184
1471.2196
1485.4529
1477.8892
1496.5801
1478.3562
1499.9644
1498.6874
1503.9364
1469.9664
1502.6333
1491.4218
1492.7706
1472.538
1475.5247
1459.3256
1488.5743
1470.8737
1473.1997
1490.6166
1462.9413
1471.0244
1457.639
1490.7365
1431.1837
1457.4104
1427.1595
1417.311
1411.9219
1385.0735
1427.3856
1407.6226
1435.5515
1412.9812
1433.8044
1395.0604
1458.4264
1385.0554
1469.7263
1379.4513
1456.073
1404.2908
1414.62
1393.8192
1366.2771
1394.233
1362.7979
1384.5413
1338.6433
1370.0745
1320.2206
1386.6875
1328.15
1357.3326
1322.5962
1339.3704
1336.4666
1327.4528
1329.4443
1310.9896
1347.0044
1302.8602
1337.963
1303.6351
1360.4993
1298.0752
1352.3347
1321.209
1340.8032
1317.8033
1310.9467
1335.1888
1307.166
1341.002
1296.6653
1347.4244
1289.1838
1345.4324
1313.1113
1344.8472
1320.1183
1354.3219
1331.5851
1322.5417
1347.3228
1325.5348
1351.6984
1318.8479
1371.4478
1292.2249
1346.6024
1275.0986
1308.2191
1279.9271
1313.3812
1301.4747
1282.9471
1318.2075
1273.3704
1320.5156
1258.986
1310.6521
1247.419
1285.5205
1243.231
1291.6854
1260.1387
1279.3744
1293.0604
1285.8717
1323.883
1281.5656
1349.3273
1274.3104
1333.8057
1283.12
1346.5441
1276.5165
1312.1296
1282.129
1297.167
1308.7174
1283.0123
1310.8279
1263.869
1326.4491
1261.1731
1312.6519
1250.3958
1316.0468
1261.259
1309.747
1273.5928
1266.9546
1289.8596
1256.7048
1292.4324
1248.0336
1299.846
1242.72
1301.8768
1243.1202
1296.4291
1252.8885
1278.127
1255.4282
1239.574
1265.5851
1229.4397
1275.0165
1221.8331
1274.277
1232.2189
1276.9137
1243.5013
1280.0195
1245.8036
1284.4786
1254.8381
1265.2504
1278.7274
1249.1356
1281.2543
1232.4532
1291.7494
1218.3297
1279.2074
1220.353
1276.5312
1245.0986
1281.5692
1258.626
1265.7002
1268.7268
1236.8167
1271.6681
1218.6375
1276.2604
1223.4944
1270.1274
1229.9375
1275.2397
1245.0321
1276.3965
1269.269
1288.7633
1286.6807
1266.0496
1301.5271
1258.9512
1320.0413
1273.5254
1320.352
1276.3306
1323.8844
1273.4401
1313.4318
1295.9037
1293.9241
1301.0558
1293.2089
1319.7119
1281.0264
1322.1997
1273.9591
1349.474
1302.814
1364.821
1316.4948
1352.0602
1333.6096
1356.8041
1343.4028
1324.1534
1357.9385
1304.6101
1373.8383
1301.6346
1365.3165
1300.0358
1360.2765
1307.1512
1343.5302
1327.7765
1351.6027
1355.0874
1331.3499
1361.4265
1323.8053
1362.3677
1329.6125
1378.8923
1336.9999
1375.3586
1320.7523
1356.9336
1305.6017
1326.6066
1315.4946
1319.2999
1316.7859
1305.3672
1326.4352
1304.5566
1328.5375
1310.3873
1339.2178
1307.8113
1351.6768
1311.094
1325.1321
1302.1134
1303.7906
1306.0422
1302.5194
1306.1542
1304.8539
1328.5552
1304.4
1339.3984
1318.762
1339.6086
1302.8595
1317.2584
1309.0168
1319.5555
1320.8887
1319.9443
1328.1525
1317.2472
1338.3184
1318.8901
1349.6522
1317.5537
1364.3682
1327.6313
1355.0723
1335.4902
1343.853
1336.9052
1322.3936
1332.5211
1318.4987
1340.4658
1304.8578
1342.2344
1304.5532
1327.3478
1292.3733
1318.7947
1297.104
1311.1235
1326.1003
1305.136
1322.3253
1290.7129
1331.3087
1292.9983
1331.2764
1298.2867
1334.3939
1314.0695
1335.2751
1319.052
1318.2336
1340.3395
1313.3982
1340.1353
1298.8906
1344.6901
1308.5895
1332.8441
1284.5482
1322.9535
1303.8905
1326.2921
1320.0105
1303.6187
1344.687
1319.6869
1360.2634
1325.6692
1360.2417
1322.3871
1352.0398
1306.7576
1335.2108
1311.5659
1323.3706
1310.1942
1319.1266
1322.603
1312.0352
1335.5798
1308.2925
1342.5886
1312.2979
1344.5878
1320.0378
1360.1504
1332.4546
1346.7925
1335.9443
1354.2628
1354.6218
1347.5885
1362.8826
1345.1738
1373.0919
1344.3289
1380.5066
1348.8544
1385.7416
1357.5776
1380.956
1354.4504
1377.3643
1393.7882
1387.1729
1396.6226
1376.177
1392.0475
1368.7703
1400.6665
1367.5858
1408.0308
1371.3615
1413.1123
1386.6068
1417.7926
1410.4585
1423.9453
1413.1442
1405.2407
1422.7561
1398.2313
1431.481
1396.7805
1438.9319
1400.5657
1443.5527
1401.5925
1432.1827
1425.2612
1438.3385
1427.3093
1410.1611
1435.2244
1407.4572
1441.5005
1410.5215
1445.983
1414.2396
1447.9895
1429.2074
1453.4535
1455.8177
1461.3591
1458.3954
1441.6272
1458.8344
1425.6981
1460.0496
1428.2505
1464.5519
1435.4673
1466.7446
1438.374
1458.9064
1467.1038
1469.5854
1470.1782
1463.3547
1477.6527
1455.8345
1485.0564
1453.5753
1491.3591
1456.6716
1495.3053
1457.6334
1490.2969
1488.2347
1504.25
1490.3722
1478.9484
1497.2316
1474.1979
1503.3182
1474.4102
1507.8076
1477.2567
1509.9941
1477.2642
1503.8007
1508.1611
1519.3461
1510.7438
1488.1074
1504.5575
1483.1558
1510.1038
1483.1266
1513.836
1487.5254
1519.2416
1497.104
1512.5267
1515.0347
1522.2568
1522.265
1515.7444
1527.7944
1514.4402
1528.4752
1511.741
1526.7283
1515.0923
1522.7278
1503.1737
1513.0333
1495.5896
1510.8745
1511.7316
1516.5978
1520.0963
1501.8352
1507.9158
1502.9087
1515.5927
1509.2449
1510.3325
1497.4286
1501.2576
1501.8633
1508.9321
1518.2697
1515.034
1512.2247
1498.2982
1510.2983
1500.3344
1514.3906
1494.1685
1505.9894
1502.9896
1511.4114
1502.051
1507.0055
1493.9247
1490.5814
1491.6967
1484.6667
1493.2852
1493.9141
1496.3075
1483.0596
1497.8185
1498.5013
1509.055
1492.6294
1498.3367
1498.7911
1487.5541
1495.2174
1482.8542
1502.2036
1483.828
1504.3335
1476.9856
1492.1803
1477.5634
1497.524
1491.2274
1502.9156
1509.1334
1497.0099
1508.6199
1487.2577
1511.4952
1495.7648
1521.38
1504.3826
1513.9622
1502.9104
1519.9434
1502.9814
1505.2113
1504.6221
1497.8518
1500.5876
1488.0658
1493.9722
1472.6625
1484.2094
1466.6703
1481.8324
1472.3639
1487.1747
1477.6656
1488.0812
1494.5618
1499.9386
1501.7975
1480.4487
1501.5015
1474.7479
1507.8228
1487.8324
1501.2661
1483.065
1485.2345
1489.5787
1499.0437
1494.0376
1491.7754
1501.9374
1471.5538
1491.266
1471.1476
1487.2473
1481.5297
1479.3132
1473.165
1460.9308
1460.7988
1455.048
1463.6981
1452.4841
1461.0681
1445.668
1471.4387
1454.5787
1477.4607
1472.2515
1480.1543
1476.6992
1472.4066
1476.8402
1461.3792
1462.7992
1451.5223
1455.3285
1435.0558
1456.0865
1452.2355
1453.4961
1450.9203
1462.5327
1457.6407
1465.301
1483.1678
1473.5745
1482.5709
1476.5356
1490.0076
1471.6772
1484.01
1459.0089
1467.6335
1453.3322
1464.0815
1471.8138
1468.8575
1478.1796
1470.9001
1490.5492
1466.6481
1473.7922
1447.1458
1455.8627
1438.3853
1458.2231
1442.1191
1440.7379
1448.8134
1443.76
1463.8473
1449.765
1470.6593
1456.5513
1478.4498
1456.4921
1462.9908
1444.1553
1469.4535
1459.6605
1475.1982
1459.9868
1478.3087
1485.508
1483.9357
1481.6206
1465.8112
1477.7488
1446.695
1472.9813
1456.7909
1464.7512
1446.949
1461.5396
1449.9374
1440.6404
1437.723
1426.1223
1432.281
1412.5203
1434.6035
1413.0819
1421.932
1404.5728
1412.5917
1391.8185
1406.4976
1409.6715
1406.4873
1415.3336
1402.5186
1413.2427
1402.0435
1415.9459
1393.7572
1405.0188
1377.1179
1390.2726
1384.0789
1391.8033
1381.3086
1377.3108
1376.8971
1364.1151
1379.5001
1359.5367
1382.7665
1367.2217
1392.7756
1382.8717
1389.3954
1384.723
1399.117
1398.1997
1393.8815
1397.1366
1392.6202
1408.222
1399.7349
1420.681
1405.3088
1420.8182
1395.7118
1407.8682
1391.6738
1402.8029
1396.1838
1395.332
1396.033
1381.8452
1401.3281
1383.892
1395.9288
1380.3376
1405.1956
1392.7646
1401.4744
1384.1049
1383.4016
1387.0746
1393.6505
1410.4868
1408.2169
1416.6161
1395.5377
1416.3641
1397.9944
1419.6351
1401.5677
1420.9838
1403.2654
1405.0295
1398.6963
1404.5216
1412.8198
1396.334
1403.6919
1394.8818
1418.2301
1397.6838
1412.9775
1392.2202
1407.3132
1400.567
1406.5723
1407.6985
1398.9219
1400.9998
1391.6908
1400.4196
1379.805
1388.7866
1376.9601
1392.8978
1364.0435
1389.3308
1378.4631
1389.4193
1386.4978
1389.9576
1392.8969
1385.9756
1390.6057
1389.0289
1398.1605
1393.0798
1397.0065
1376.9725
1393.4313
1386.3313
1387.5026
1382.9744
1388.6652
1391.0514
1393.5583
1395.6862
1387.2921
1397.5402
1388.8834
1397.3018
1384.1317
1396.6195
1387.5039
1393.1191
1393.9982
1389.8885
1390.712
1386.6605
1399.664
1391.9814
1409.0988
1398.0099
1417.454
1411.7338
1417.8291
1410.7128
1414.1343
1410.3647
1416.1539
1416.4357
1410.037
1423.3717
1402.793
1420.4581
1408.1809
1431.9086
1419.404
1424.8767
1421.4656
1412.8016
1421.4404
1417.9292
1419.376
1412.2555
1421.1506
1419.4608
1430.3701
1428.3164
1432.0309
1430.8235
1440.6227
1429.549
1436.2217
1439.3435
1434.1781
1443.416
1444.2454
1446.7654
1437.7341
1436.9828
1436.061
1436.7656
1426.3397
1425.2098
1422.7013
1429.5171
1432.8188
1433.1359
1434.8956
1439.397
1436.073
1429.7334
1426.8507
1426.973
1436.2799
1434.916
1443.2805
1438.2208
1438.6268
1443.0737
1447.8961
1450.5059
1462.7335
1455.7244
1457.4003
1464.9656
1449.9642
1456.9913
1452.5417
1463.971
1456.0084
1470.6364
1458.0961
1463.7725
1460.8762
1468.4384
1474.6846
1462.2488
1469.4227
1463.6399
1479.0962
1471.7135
1476.2329
1468.6199
1482.8275
1468.3873
1481.7977
1482.608
1492.1715
1484.4673
1480.2886
1486.7139
1478.6604
1495.5573
1483.9498
1477.5034
1481.3429
1484.3761
1487.1757
1474.3235
1504.4597
1501.1296
1509.6975
1501.6115
1510.4652
1499.6465
1510.4729
1480.7633
1503.982
1492.013
1498.1942
1484.6442
1491.0217
1485.5917
1497.7112
1494.5049
1491.3959
1503.0792
1477.1274
1482.8069
1455.0192
1463.6332
1443.9391
1458.3811
1459.3109
1458.0012
1471.9253
1467.8738
1472.8019
1464.8044
1485.508
1461.2429
1468.7742
1455.763
1464.7186
1450.9639
1453.8113
1443.7795
1440.2004
1440.8015
1439.6787
1446.7604
1438.6172
1457.5652
1443.1002
1467.8276
1451.1587
1461.7338
1453.8175
1467.9382
1454.1694
1455.3398
1463.4747
1470.2028
1481.6272
1471.5803
1488.1177
1461.5193
1491.6267
1475.3206
1501.1843
1472.9347
1489.0099
1475.3397
1478.272
1475.3561
1487.4437
1482.8124
1473.8907
1497.0881
1472.2075
1486.0724
1454.3514
1474.6633
1440.9115
1458.043
1447.2721
1470.566
1470.6791
1471.2892
1487.0146
1470.7135
1480.2325
1459.0653
1478.56
1459.5941
1487.1842
1464.8075
1483.812
1479.8387
1490.822
1489.4255
1485.5406
1490.1912
1470.9111
1487.4142
1467.6517
1475.4059
1471.6172
1471.6207
1463.8837
1459.7059
1454.5258
1446.138
1456.6422
1450.8984
1456.0415
1438.853
1455.0824
1434.4873
1446.6187
1436.78
1447.3318
1437.3832
1438.2286
1439.2345
1446.1145
1451.7242
1444.6838
1442.2582
1441.9907
1451.3385
1448.1597
1452.6816
1427.1941
1436.6807
1417.2977
1429.7928
1430.8395
1433.472
1436.3005
1438.5594
1445.5192
1429.6366
1448.1421
1436.0729
1457.4231
1438.5011
1443.5739
1436.4174
1437.3485
1446.3926
1447.8063
1467.5635
1458.841
1475.1713
1469.3746
1483.4744
1462.5737
1474.8196
1465.8517
1474.4131
1477.5127
1467.8683
1477.5836
1473.8174
1483.6217
1479.9877
1502.6663
1479.8032
1484.7365
1460.4425
1461.9264
1449.1304
1460.4807
1463.2649
1454.4591
1466.2487
1459.8395
1478.4094
1467.7701
1490.3523
1478.6244
1500.9204
1480.5195
1483.7733
1472.044
1479.4656
1484.2805
1486.0579
1505.5825
1495.8966
1507.8672
1482.9337
1492.1095
1479.3589
1488.5496
1479.4287
1491.2524
1471.861
1472.902
1476.1707
1475.8635
1483.9766
1473.573
1497.1715
1471.1027
1494.0471
1478.8871
1501.151
1482.7847
1490.8235
1480.6329
1489.5685
1490.8708
1480.6559
1481.2667
1466.885
1475.7081
1460.5874
1481.1484
1462.2384
1476.5587
1465.0319
1470.404
1466.6809
1461.9585
1464.594
1467.554
1471.0243
1461.7759
1481.5499
1463.1559
1482.7834
1471.0557
1477.02
1461.261
1473.5103
1471.0309
1471.236
1474.7631
1474.2362
1475.3053
1470.9386
1491.6024
1484.7711
1500.388
1494.3049
1500.8196
1493.205
1504.7631
1501.678
1503.4312
1495.0544
1496.602
1505.612
1504.8236
1520.0743
1499.5952
1517.8081
1500.9852
1519.9347
1511.717
1520.3949
1520.0594
1522.7385
1530.9207
1525.3385
1541.8282
1522.9514
1546.1743
1537.6451
1552.1522
1530.7864
1550.7369
1539.5029
1543.9374
1531.9026
1538.7676
1543.4058
1541.0449
1544.2667
1532.7632
1546.3513
1539.0592
1547.5469
1536.4994
1541.4934
1532.2231
1535.6635
1531.5798
1527.2037
1532.3967
1528.5297
1537.9331
1520.3582
1529.1718
1523.6547
1545.3428
1526.4668
1547.7012
1525.4846
1546.9319
1535.6874
1545.4108
1541.643
1524.0902
1528.1873
1510.9749
1526.6588
1507.3468
1522.4283
1493.9812
1500.9454
1491.7384
1502.5546
1503.2885
1503.3218
1512.823
1504.7142
1514.0665
1494.3552
1519.8013
1516.3711
1526.7476
1529.4434
1534.6082
1530.4882
1533.8922
1530.2048
1541.3125
1532.3315
1550.4475
1542.7463
1565.2622
1564.1798
1559.6216
1569.7714
1565.5173
1564.7527
1562.9435
1567.3955
1564.162
1570.0334
1567.8151
1574.7963
1570.6726
1577.5006
1582.4683
1579.2246
1576.1531
1567.9738
1570.9022
1568.6707
1575.0576
1572.4812
1576.5273
1566.0568
1570.5168
1567.1145
1569.9778
1574.313
1585.2045
1582.0621
1574.0903
1579.0088
1574.7756
1584.2614
1567.7771
1588.2966
1576.693
1588.3123
1581.3304
1582.7456
1581.069
1582.7855
1577.4329
1575.4095
1566.5232
1559.3176
1557.4445
1554.9932
1562.4868
1559.4353
1560.8784
1555.9777
1568.3666
1570.601
1571.5668
1568.2972
1571.5951
1563.2927
1566.7421
1564.3242
1557.5453
1556.2233
1553.5233
1557.6267
1559.227
1562.882
1556.159
1563.2966
1556.0742
1549.8777
1552.7694
1557.286
1559.1478
1552.4633
1550.6747
1538.6338
1537.2971
1529.0901
1527.0498
1521.957
1527.3221
1523.9789
1527.4929
1532.128
1526.9703
1528.6587
1521.5625
1521.6561
1520.238
1529.1628
1519.7537
1528.9227
1522.6097
1522.7815
1524.2411
1531.3867
1525.1113
1526.6633
1534.6046
1533.8412
1525.041
1521.928
1519.0109
1527.3882
1518.2576
1520.4884
1507.9099
1526.396
1522.2086
1528.2947
1519.4294
1532.1538
1522.8773
1530.7848
1535.0914
1523.4178
1524.6771
1510.4905
1517.8501
1503.1216
1514.0125
1503.5454
1524.63
1506.0043
1520.4858
1519.389
1522.5646
1518.7578
1516.2695
1527.3068
1518.4027
1529.5388
1508.6464
1520.6552
1502.1859
1519.4011
1512.756
1526.9373
1526.4728
1527.6288
1527.3907
1520.9329
1522.1733
1506.5314
1523.1451
1506.5895
1523.8318
1512.3241
1522.9927
1514.1106
1522.3583
1521.2596
1525.3544
1528.2808
1524.3448
1531.986
1530.8035
1541.8905
1531.9824
1548.7662
1537.1453
1548.3096
1542.074
1553.7373
1552.187
1554.5171
1545.5537
1546.9463
1542.4785
1533.1318
1552.2274
1542.408
1551.1218
1535.3756
1549.9346
1545.244
1551.3287
1541.3254
1532.7549
1539.7135
1533.6111
1543.471
1528.8628
1553.6295
1532.4059
1543.5679
1532.4524
1539.6329
1530.647
1530.6072
1530.2395
1532.1588
1529.7493
1530.5317
1525.4418
1525.638
1524.4523
1517.3057
1525.8907
1515.3314
1528.8146
1526.426
1530.5806
1525.1698
1532.9661
1522.9229
1512.9845
1520.9075
1508.3702
1514.064
1498.377
1514.7631
1488.752
1511.6498
1488.4725
1502.655
1504.9695
1493.7799
1505.8094
1484.8142
1503.5339
1472.9388
1497.945
1483.662
1509.4244
1486.7035
1498.8035
1478.4445
1494.6001
1492.4293
1483.2528
1485.6659
1465.2249
1478.1682
1457.8121
1477.8125
1447.9755
1466.5399
1448.1393
1458.964
1440.1484
1454.6779
1444.5894
1448.4922
1450.5166
1433.0321
1442.7452
1425.134
1444.4474
1422.7085
1446.4403
1432.2554
1443.3301
1425.6019
1427.0815
1422.0968
1415.0063
1416.8416
1402.8889
1424.0359
1406.9915
1428.172
1407.1143
1435.0581
1421.0051
1444.8042
1425.5979
1432.1163
1424.7993
1426.6779
1427.7617
1412.6984
1433.5673
1417.1675
1440.1985
1421.4908
1452.3278
1425.1194
1450.3578
1439.3971
1447.7266
1440.2178
1446.8225
1456.2295
1445.6144
1468.162
1441.4135
1464.101
1449.175
1478.7902
1461.0194
1476.0624
1462.2062
1481.3829
1474.6526
1467.6093
1471.5369
1463.8141
1480.7329
1465.0275
1486.1119
1469.7666
1498.4185
1474.9138
1491.7739
1464.3319
1470.5222
1455.2828
1457.5144
1466.2056
1452.1991
1468.9707
1435.6804
1457.6125
1430.413
1462.276
1436.2059
1459.9353
1440.4332
1458.4946
1459.5835
1450.4053
1467.1251
1453.5498
1472.8665
1442.0011
1461.0637
1433.0931
1457.4338
1438.3605
1445.8352
1439.0493
1452.2749
1451.111
1449.1622
1464.195
1441.0559
1459.278
1427.5499
1462.7863
1425.1626
1454.026
1430.8728
1449.5724
1424.3385
1443.8508
1429.4882
1432.3472
1436.8306
1421.3658
1448.2986
1420.0942
1452.3973
1422.7328
1452.333
1427.2861
1447.6838
1428.9229
1449.8303
1442.6974
1442.4406
1445.152
1442.1909
1444.7051
1425.6852
1444.594
1419.5015
1450.6615
1432.0338
1456.4572
1443.2773
1452.5034
1442.5315
1455.5155
1443.1989
1441.3187
1436.3549
1427.6344
1434.0878
1428.8488
1434.4155
1426.9979
1429.0385
1424.7948
1431.959
1425.8319
1435.265
1436.297
1435.2352
1432.3047
1429.975
1437.2341
1424.6371
1427.2174
1416.759
1430.4863
1427.2491
1436.1011
1421.8582
1423.0527
1415.6702
1412.0955
1420.1815
1410.2084
1424.7257
1423.2975
1433.1433
1423.6477
1439.0123
1425.8284
1441.4302
1431.3607
1440.0479
1430.0488
1435.5386
1440.2034
1432.9677
1443.357
1436.5538
1445.8691
1436.5632
1440.8732
1431.0449
1440.8986
1436.1445
1449.0831
1439.8772
1454.4657
1439.9668
1449.9266
1438.7983
1450.5951
1451.5063
1449.8762
1442.6665
1436.8289
1437.7218
1428.3069
1436.7437
1419.0598
1436.0374
1420.9374
1435.9915
1423.0591
1430.9274
1430.9066
1436.3981
1432.4341
1431.0134
1442.2073
1431.277
1447.8812
1428.6707
1447.2744
1428.791
1445.2977
1432.7484
1442.6682
1444.0294
1438.7678
1455.2229
1449.0668
1451.7443
1442.4862
1457.3712
1448.7982
1465.4088
1450.6302
1462.1052
1445.8849
1455.632
1445.3643
1444.5215
1446.4016
1448.0479
1447.7552
1431.7675
1447.3931
1430.275
1446.5127
1431.8359
1439.6393
1430.4639
1433.6373
1425.047
1423.1819
1422.2793
1422.6097
1428.3798
1425.0469
1430.9595
1421.3063
1436.3036
1423.7585
1432.1208
1420.0093
1428.6934
1419.4515
1426.6414
1421.8892
1419.3073
1422.3346
1411.0591
1423.0913
1408.81
1422.3774
1416.3829
1420.7654
1415.0795
1424.034
1416.2772
1422.3152
1420.7755
1423.1791
1430.233
1424.26
1434.839
1430.7386
1435.0563
1429.9254
1434.5137
1435.8997
1442.4563
1437.0776
1433.9736
1436.2466
1430.4698
1436.2897
1430.858
1438.8483
1432.7921
1435.8152
1434.6895
1447.8483
1436.8131
1446.9174
1440.6522
1448.493
1451.3827
1447.449
1448.269
1441.0521
1444.2983
1431.4349
1434.3099
1431.0265
1447.0923
1444.7245
1440.3131
1444.207
1430.4146
1442.1613
1430.2091
1428.0521
1416.0035
1410.7102
1405.7234
1397.7982
1408.064
1403.8309
1413.4211
1401.6906
1408.1664
1398.362
1410.8026
1399.0651
1407.6313
1400.048
1404.8998
1397.8794
1392.2615
1403.3245
1399.702
1405.5317
1399.7878
1413.9338
1398.6422
1412.0267
1408.1672
1411.6807
1405.1312
1412.49
1415.8091
1417.8312
1417.3087
1407.0939
1417.4371
1409.5372
1422.542
1409.0845
1412.027
1407.9812
1415.0802
1408.091
1412.6113
1407.1992
1410.5282
1421.2513
1410.2747
1413.9218
1406.5704
1419.0885
1414.2195
1426.8087
1411.8658
1416.1781
1415.4745
1415.5126
1410.7825
1413.4585
1424.6373
1413.2908
1432.1017
1422.0474
1427.3047
1422.8059
1427.0593
1423.1418
1434.6776
1428.0468
1423.4618
1419.5494
1420.8711
1425.5082
1413.0349
1418.162
1408.88
1425.681
1415.33
1421.5947
1417.867
1429.9165
1429.6309
1437.7524
1441.2612
1444.3767
1451.4832
1450.102
1459.1143
1449.2388
1454.673
1450.7963
1454.2024
1442.0176
1441.8549
1434.0494
1443.8301
1444.5576
1447.5614
1444.1659
1435.3629
1450.0454
1444.0286
1445.8873
1432.7614
1442.0199
1429.3302
1436.3286
1430.9849
1429.0127
1422.61
1422.9249
1427.1029
1428.8206
1442.0463
1444.733
1450.0155
1438.3053
1442.406
1437.5521
1446.4825
1443.6324
1448.7698
1439.1968
1437.9365
1441.2386
1439.8549
1446.678
1441.6554
1446.9034
1433.9343
1446.5696
1439.3867
1448.7802
1438.887
1442.8506
1441.6626
1450.4232
1453.2709
1452.774
1453.6182
1458.2863
1468.3248
1464.6678
1477.309
1471.8632
1477.6865
1466.9803
1471.6251
1465.2737
1472.8171
1476.1774
1474.2921
1483.247
1472.8159
1484.2708
1471.2914
1474.5338
1468.4398
1480.0071
1475.1869
1474.5109
1470.5944
1468.1752
1471.644
1467.3723
1476.2437
1468.2361
1479.317
1465.1798
1477.5024
1459.8276
1472.0424
1459.2906
1469.1125
1463.5868
1469.7303
1469.5348
1476.743
1483.6824
1481.8596
1481.3333
1480.103
1487.2802
1485.491
1485.7545
1477.1932
1485.9435
1485.1041
1489.4247
1484.1003
1491.1295
1489.2245
1481.8431
1492.0631
1477.4305
1480.4673
1472.7354
1487.4456
1472.2354
1487.5964
1477.8154
1489.0632
1483.0149
1483.9716
1480.4576
1480.9873
1488.3579
1484.9174
1497.8033
1488.667
1503.1724
1489.624
1505.8105
1498.4319
1501.8422
1490.054
1497.8441
1495.7534
1499.8301
1499.4475
1484.6626
1495.1777
1478.8911
1492.7319
1478.6719
1492.2471
1488.2766
1498.6438
1491.3427
1493.0416
1491.3484
1491.8127
1502.0267
1494.6268
1507.8538
1499.572
1500.6089
1488.6388
1502.3464
1498.0569
1508.6198
1499.5916
1499.6621
1514.115
1512.56
1527.8906
1506.4341
1523.3932
1518.1016
1529.6069
1520.8533
1526.2349
1518.0007
1514.571
1507.7606
1501.0051
1509.4205
1499.5344
1499.9122
1488.7971
1499.0005
1494.3352
1504.3947
1500.1293
1513.5781
1499.9288
1499.5251
1505.7452
1508.5687
1514.6451
1505.8251
1506.9668
1505.02
1508.502
1492.8103
1502.162
1492.0802
1507.939
1503.7964
1505.8801
1499.953
1509.3694
1514.8953
1511.627
1521.1089
1517.5447
1532.7566
1527.168
1541.452
1535.4966
1547.1216
1542.8997
1552.9146
1548.4835
1545.3965
1546.3281
1546.0945
1543.0471
1547.1802
1554.4202
1540.6687
1549.3616
1528.6542
1534.7125
1524.9769
1541.2205
1524.6743
1528.4274
1515.023
1521.4716
1527.6318
1529.6609
1530.208
1514.5178
1529.804
1512.0946
1521.2555
1500.6982
1520.8569
1510.9116
1521.2968
1525.2374
1527.4374
1520.5422
1522.2025
1522.5795
1509.9419
1522.5399
1513.6118
1531.7052
1519.1394
1530.8665
1511.9243
1522.6691
1514.7509
1522.0894
1519.4323
1514.4631
1515.0892
1509.6431
1523.4329
1509.2465
1530.4551
1509.0865
1520.3247
1504.9059
1516.0554
1510.82
1510.6621
1515.7034
1509.1958
1509.9503
1505.7753
1522.7345
1508.4569
1514.759
1496.2721
1503.0454
1499.4056
1512.0038
1500.4733
1506.4004
1504.9335
1505.6139
1510.2047
1496.607
1511.935
1497.3197
1516.129
1504.0676
1511.8164
1503.5123
1514.4674
1509.9954
1517.3254
1516.3002
1517.2968
1517.8329
1507.4191
1525.3412
1506.9268
1527.2101
1503.777
1513.4685
1504.2821
1510.8448
1505.9749
1520.9729
1514.8738
1516.7202
1520.424
1512.8898
1531.1091
1518.6135
1538.0789
1525.3898
1534.1978
1527.8892
1533.0957
1521.9865
1528.9615
1526.2827
1517.1868
1527.6804
1521.1777
1537.2555
1526.8447
1541.9054
1529.7633
1545.2683
1536.1362
1542.267
1528.0181
1533.0205
1534.0558
1525.0808
1525.4945
1514.8279
1528.486
1510.6512
1526.1516
1512.7048
1521.3093
1512.6752
1515.1069
1517.7079
1527.1271
1518.1791
1525.7836
1520.4562
1525.2987
1519.3816
1523.2966
1518.5156
1521.0547
1515.0381
1516.1066
1516.7555
1524.0042
1532.3647
1525.6042
1531.6444
1525.5256
1527.871
1518.1193
1517.7756
1515.0618
1512.6083
1512.2701
1508.7358
1507.3972
1507.1827
1518.1412
1509.8114
1508.4025
1505.7094
1509.9949
1508.0609
1509.985
1509.3522
1510.7659
1512.9777
1508.607
1509.0281
1512.7516
1521.1906
1519.7676
1521.5583
1512.9291
1517.597
1513.0547
1517.6604
1515.3873
1518.3794
1512.5184
1515.1525
1513.8729
1514.6252
1514.8845
1509.4789
1517.136
1510.2029
1516.1472
1512.0767
1514.3491
1510.8569
1514.9243
1510.5273
1514.8865
1514.2671
1506.0454
1507.787
1506.652
1508.4174
1505.2334
1513.6106
1502.155
1504.3977
1500.5419
1498.3969
1503.6694
1499.2173
1500.1179
1499.9574
1498.9678
1502.396
1502.8542
1503.5392
1510.8624
1501.2585
1502.487
1499.3386
1503.0284
1505.855
1501.5996
1505.3284
1498.6195
1505.3229
1509.0721
1507.5323
1498.338
1500.6948
1500.9203
1506.0402
1507.9514
1512.7814
1515.4652
1517.529
1514.7277
1514.372
1523.6156
1518.4027
1522.4974
1517.781
1516.5529
1516.0135
1511.0836
1512.2043
1513.6157
1509.0735
1506.3069
1514.0935
1506.4269
1516.3411
1512.6216
1520.0498
1514.4861
1519.22
1516.791
1518.6497
1518.855
1517.7903
1517.6104
1507.141
1511.306
1517.9358
1528.7422
1519.5674
1519.5812
1517.7235
1521.5125
1518.9609
1522.097
1521.3394
1522.2683
1523.4064
1524.0205
1524.1407
1529.0177
1537.2609
1529.161
1534.9221
1532.8857
1535.7838
1533.8196
1536.9761
1535.5265
1531.241
1532.8406
1533.4937
1533.2638
1536.8702
1549.2811
1541.1022
1543.0774
1538.6122
1544.0911
1541.7571
1543.4072
1544.1914
1543.6971
1540.5106
1530.5293
1533.3234
1537.9222
1549.4568
1541.5554
1546.5793
1543.848
1547.152
1545.1222
1548.9828
1547.9971
1548.9631
1546.7944
1545.4685
1544.1775
1546.5845
1553.5985
1544.8647
1546.3243
1541.387
1547.551
1544.5463
1548.1699
1547.039
1547.2631
1550.0347
1541.8239
1544.5563
1551.1165
1562.2739
1553.4529
1550.7029
1547.283
1552.2292
1549.263
1552.3724
1550.7697
1552.8842
1552.1978
1553.4596
1552.2002
1556.3481
1564.0696
1557.8691
1564.7058
1561.5206
1567.3229
1564.7036
1569.2592
1567.8792
1570.4888
1571.5753
1573.9109
1572.75
1573.068
1579.5759
1578.658
1580.8132
1576.1399
1581.4009
1578.1587
1583.0294
1582.0055
1582.8757
1585.1389
1585.673
1586.9677
1587.4384
1595.5494
1584.4232
1589.4517
1580.3815
1585.8513
1582.666
1582.4696
1580.9736
1583.881
1585.028
1578.9197
1578.7117
1579.514
1587.3906
1578.7917
1587.9457
1577.8519
1584.5375
1578.9457
1583.8483
1580.4734
1581.0587
1584.0607
1574.55
1579.102
1576.168
1594.9781
1581.8757
1585.8262
1578.332
1587.5049
1582.7607
1583.8766
1580.5381
1581.5974
1585.6831
1583.5913
1587.3527
1581.599
1593.6531
1579.8901
1591.9829
1576.1687
1578.371
1573.4749
1578.3092
1575.1315
1575.3191
1579.9188
1574.6443
1583.8364
1581.1377
1592.4244
1579.4966
1594.2485
1579.9565
1589.6361
1583.8552
1590.3514
1587.805
1589.7743
1586.6311
1581.6104
1590.7374
1586.4879
1595.0066
1583.1105
1594.7214
1587.4799
1594.663
1582.5104
1579.7727
1581.2173
1584.1842
1586.8337
1585.1158
1589.3854
1583.9697
1590.4612
1582.8837
1591.6488
1583.6624
1593.8518
1588.6686
1586.5884
1576.9154
1574.1906
1576.024
1573.2306
1568.9382
1563.8185
1568.1642
1571.3889
1575.2045
1570.6934
1572.0316
1570.2592
1577.1187
1576.5264
1580.2163
1583.8236
1583.741
1583.4023
1572.8473
1581.1531
1567.4312
1582.1416
1569.0687
1576.1493
1567.0447
1569.3563
1564.8303
1561.0444
1563.1431
1562.7822
1570.4103
1568.0741
1581.4954
1574.613
1581.9255
1579.5378
1582.7681
1581.2495
1579.3141
1581.0985
1582.8523
1589.0813
1588.302
1592.6315
1588.4749
1595.5857
1591.4313
1597.7648
1585.2155
1588.5552
1579.8439
1582.5441
1573.7346
1569.7902
1565.9418
1565.5138
1571.1777
1569.0073
1574.7501
1571.547
1583.5824
1571.6818
1572.3053
1562.5154
1570.4023
1567.9998
1561.6927
1573.9667
1570.1403
1578.292
1574.771
1582.9689
1578.3373
1581.0746
1580.2903
1586.4875
1586.7449
1583.5488
1590.5394
1591.5089
1588.775
1587.7365
1595.0052
1586.323
1587.3145
1579.3214
1581.4989
1577.3268
1586.8746
1584.4641
1593.2997
1588.4502
1585.5994
1588.0723
1589.9226
1591.2443
1582.5924
1583.7108
1579.1072
1591.2987
1586.7325
1599.3379
1593.732
1599.5367
1591.4636
1597.1692
1591.0647
1591.8627
1592.2642
1594.5952
1609.7507
1597.3259
1601.1057
1589.7753
1594.1163
1590.07
1594.2689
1592.2645
1583.8011
1592.2222
1589.9858
1596.2393
1585.4119
1594.3844
1588.7239
1593.7303
1578.2816
1591.4691
1585.3608
1591.3652
1588.573
1587.6752
1590.5255
1584.2148
1583.4846
1572.0748
1576.8479
1564.9779
1574.8936
1566.702
1581.0686
1571.1128
1581.1167
1574.9125
1580.9695
1583.3992
1576.5071
1581.2996
1575.2336
1585.6777
1580.9727
1596.4918
1588.095
1593.8926
1587.0223
1589.403
1577.987
1582.9371
1586.66
1587.4531
1590.2026
1581.7285
1600.1852
1593.0668
1608.2393
1600.6311
1612.2855
1609.4722
1614.3369
1608.797
1607.5651
1602.4473
1598.9099
1609.7253
1594.9501
1605.4661
1603.032
1609.3129
1605.736
1600.8503
1603.8862
1602.7516
1605.9302
1609.0773
1601.1747
1606.9895
1605.5227
1601.5946
1602.1033
1607.6637
1602.2408
1604.4446
1606.4199
1605.3335
1607.0796
1605.6703
1607.2285
1602.0605
1602.108
1596.4604
1606.0706
1609.0464
1608.7457
1614.3864
1612.2255
1616.7638
1612.0139
1618.0687
1612.0608
1618.042
1612.5696
1609.2122
1602.4746
1610.9102
1616.855
1608.6777
1610.3109
1602.8271
1607.9219
1604.0483
1605.3417
1606.1855
1603.6567
1604.1399
1591.3529
1596.4092
1597.4517
1613.3604
1602.6292
1614.0382
1604.6748
1610.7725
1606.4099
1607.2544
1608.7958
1604.2344
1611.572
1597.3846
1605.2245
1601.6143
1619.0043
1605.5585
1614.9386
1606.1807
1612.0353
1607.6687
1609.2539
1610.0786
1606.9843
1614.1564
1601.7028
1604.6887
1599.9811
1614.9669
1602.7684
1606.7432
1598.2894
1603.9581
1599.7428
1600.9069
1602.0199
1598.2887
1604.6874
1593.0055
1600.9736
1599.0828
1614.5784
1599.719
