nan
17229.396
9219.553
11826.409
10987.004
10263.605
12380.531
8525.82
11500.314
6754.742
9607.729
6176.5547
7938.589
5766.439
6964.768
5914.804
6406.261
6211.989
5732.7637
6696.824
5347.1084
6851.402
5047.6323
6673.9414
4943.989
6444.701
5059.0054
5993.9653
5209.1904
5642.869
5465.9937
5230.1816
5807.197
4646.5845
5634.1587
4232.783
4883.315
3609.611
4163.616
3210.8484
3516.3125
3057.08
3184.6907
3064.124
2879.0535
3187.5024
2635.1736
3107.801
2395.611
2910.3926
2268.9153
2460.2332
2060.3665
2316.767
2128.1094
2229.961
2208.7737
2104.9688
2310.0266
2005.588
2316.5027
1924.9963
2273.6145
1868.9834
2172.604
1870.8073
2045.9044
1877.5093
1932.6627
1910.089
1828.772
2006.0602
1773.2408
2031.4779
1728.1985
2043.4159
1712.623
1992.4188
1748.4136
1937.3638
1807.1469
1894.7693
1880.2845
1805.4941
1960.215
1736.3872
1963.7844
1684.7057
1956.2733
1682.2194
1937.9498
1706.737
1884.6915
1790.282
1846.9934
1862.3406
1808.125
1946.8708
1767.2723
2031.0822
1777.82
2068.6
1818.1587
2105.3186
1892.5273
2113.938
2018.536
2122.4556
2164.463
2123.7307
2306.1155
2125.5005
2400.8667
2136.5627
2440.9214
2157.4963
2453.307
2238.371
2460.0034
2273.2144
2338.279
2314.5107
2237.13
2342.059
2117.4177
2294.5554
2020.5002
2225.0566
1928.2732
2099.8303
1890.1582
1998.8888
1893.1842
1921.465
1893.7736
1829.9845
1918.8558
1753.7488
1879.9304
1664.0205
1790.225
1591.1556
1671.4722
1519.8093
1609.676
1532.7443
1547.6412
1524.384
1483.0284
1529.99
1414.3555
1501.5022
1341.1891
1410.1141
1275.8865
1346.2719
1253.716
1275.5099
1220.2717
1210.9122
1203.4713
1162.8827
1196.2579
1123.6403
1164.0145
1079.0465
1133.7438
1045.8749
1085.979
1022.7979
1051.4305
1022.7306
1012.38965
987.91833
960.1736
992.5614
945.6979
976.1719
917.6687
946.4014
894.6209
924.5396
877.78845
889.49817
868.8984
856.6835
853.98627
836.9028
848.7485
818.13574
832.88617
798.11926
820.1259
785.12506
799.0903
776.9525
787.0543
775.0803
762.21295
742.69684
731.5612
743.46014
726.31573
737.0501
711.8759
730.9283
712.58405
726.9132
711.49585
725.47864
717.3158
719.2581
717.9095
710.96094
723.56537
712.509
728.28204
710.8013
727.4406
709.7335
725.55457
712.41187
722.3665
716.2612
717.2497
712.4457
707.804
718.07776
705.80585
721.1168
704.4885
719.1928
702.7366
716.21387
704.1525
714.23694
709.7407
711.47906
711.8226
708.2198
717.8631
707.2164
725.1485
708.87823
726.9953
711.27374
728.12933
717.4119
732.8031
728.99744
735.50104
739.3855
736.69977
751.3629
741.3202
761.9361
744.30066
766.40564
747.5108
766.52966
754.15106
770.2739
766.3008
772.93176
775.5686
773.00867
789.7317
777.6677
798.68616
780.32056
804.975
784.62976
806.04956
790.6618
807.7634
803.69995
808.33496
809.49207
804.899
820.3402
804.6297
827.42865
803.3285
827.2479
803.38324
824.6496
805.1102
822.2461
814.4251
817.71277
819.0703
812.13336
826.1007
809.114
829.69586
805.2189
829.8863
804.0314
825.88635
807.41614
823.37085
813.5665
818.47754
815.0177
806.74835
821.52576
803.8741
825.62555
802.5067
826.69183
802.5732
824.22675
807.237
823.97876
818.504
824.35474
826.9922
823.13434
841.21674
827.63477
854.01685
833.1127
862.2529
839.734
865.4023
846.7451
867.43274
860.3849
868.88727
873.33417
869.1923
887.52924
870.5828
897.16864
870.47565
900.0799
873.3153
899.87335
880.6588
900.04614
892.60205
901.2273
904.16376
898.11426
919.3789
900.74744
928.1479
900.70593
931.81836
903.878
932.2711
909.1147
929.67737
918.80493
924.6389
925.4588
918.328
936.62195
915.4326
944.10754
913.17957
943.61346
912.5396
939.3469
914.24524
936.33704
923.8536
930.70294
931.805
921.56683
940.7897
917.5728
947.7809
916.0235
950.1602
915.4964
946.645
921.26074
945.47675
931.63196
939.00995
940.15735
930.8339
951.01654
928.6507
958.7702
926.45337
957.87177
924.0486
956.12604
929.7765
952.6238
940.9015
948.3182
950.1719
942.29425
963.3403
939.71704
971.83813
939.8753
975.3522
941.5104
975.70355
947.65344
959.5522
950.0805
955.5248
959.24445
950.5325
969.6152
942.2754
974.78186
941.212
975.14343
957.4664
957.6511
928.7738
962.10803
940.2825
929.48517
926.9691
906.8437
936.61536
924.3049
951.9472
921.5885
957.98694
924.18427
955.25684
932.3038
952.20496
942.1729
951.7538
954.4742
945.01965
967.43665
944.8393
971.93585
935.91455
969.2065
940.6399
974.09283
946.7446
970.615
957.76544
967.57684
973.09576
963.8896
988.34436
962.28595
997.7784
963.9339
993.7864
961.1864
991.9055
968.26666
987.55334
975.98944
986.49457
994.84235
987.688
1014.0747
992.51135
1031.9049
997.5314
1036.3524
992.35876
1037.3926
1006.2949
1032.9186
1022.23584
1035.1919
1032.7421
1017.31744
1039.4639
1011.25183
1044.1846
1007.7664
1047.3738
1004.03094
1036.5089
1007.53754
1030.5288
1019.4319
1029.1882
1032.7261
1019.0425
1049.9126
1026.3832
1060.4242
1025.9846
1059.9805
1018.75165
1055.2386
1029.3656
1056.0568
1044.5883
1050.7625
1056.0482
1043.4136
1075.2778
1043.889
1086.4586
1038.7177
1086.8534
1045.8601
1079.4589
1052.0481
1078.3616
1060.31
1068.6096
1075.8052
1068.8088
1094.8525
1067.324
1112.9813
1074.7457
1113.235
1078.7678
1113.2458
1086.019
1106.6707
1096.5168
1100.1492
1111.2534
1081.3765
1097.8452
1066.4276
1083.428
1033.7375
1070.4572
1012.80115
1021.7775
995.3575
1001.6315
990.8154
979.88257
969.5039
957.9392
964.3821
943.98566
972.7162
926.06366
955.3962
928.71
953.6166
926.0547
943.81226
936.01276
942.1412
924.46515
917.7909
936.3359
906.08826
929.95575
905.68744
933.9388
907.5633
933.0782
914.01025
932.9385
926.55536
916.7273
919.59314
914.03284
931.34296
914.0585
941.0839
901.23517
925.5745
901.86584
919.99475
897.8182
910.86926
900.10187
894.1558
885.8994
874.29016
880.6633
860.47565
868.32666
841.0214
847.5931
824.1395
830.1719
813.16455
815.8231
810.2399
801.56195
791.79517
780.53314
785.14636
771.2064
776.41956
757.664
762.23303
744.7416
747.52924
736.4892
738.26855
732.0279
727.1857
719.11633
709.4061
711.66534
702.9287
705.8258
695.58746
698.1299
688.6526
689.4679
684.20715
684.9759
685.4061
679.0418
667.937
656.3629
656.5892
649.95905
650.51886
644.7033
645.37274
641.2137
641.4432
639.88446
642.77704
646.8135
642.7253
630.73254
621.59814
622.4895
619.58636
620.3393
618.2026
618.2981
616.7745
616.8717
617.15375
616.6622
617.2993
607.1841
592.6945
585.849
589.60925
594.0088
594.1244
593.4142
593.5086
594.4601
594.57837
597.7726
597.9662
600.8162
592.6808
581.31744
575.23804
576.3761
573.378
573.4649
571.905
572.0473
571.98816
572.1714
573.9193
574.2693
579.666
574.6588
564.7974
555.55646
554.57385
552.1805
552.29004
551.692
551.96625
552.8056
554.7396
557.473
555.34247
552.4503
545.58344
541.1255
542.165
543.6948
546.28516
548.6227
547.6144
544.2178
541.304
542.7491
542.48596
542.6677
544.45386
543.0378
545.66766
546.29663
544.3688
543.5664
547.0693
547.9782
547.2915
551.73486
552.85187
557.4561
555.154
555.3633
553.7479
543.68427
543.35
544.11755
546.52875
548.355
549.2612
549.2264
550.2991
553.4668
552.1477
549.27716
549.2975
547.3397
551.0546
551.52655
555.5617
559.1557
562.6932
567.1416
562.95526
559.7619
555.1083
558.33936
560.2538
561.87006
563.97046
563.6231
564.0912
556.58954
566.25433
561.8026
558.9457
547.28033
545.7593
544.7705
549.4523
549.4739
552.44446
554.77374
549.35095
548.3345
550.6066
558.2399
547.6954
546.3885
545.79016
544.721
543.6444
543.0384
544.39935
544.0745
544.936
545.2081
547.90533
547.80206
555.7872
558.18787
565.3033
561.0377
558.34955
557.2833
563.0107
565.83887
569.07605
574.0075
574.7041
575.5231
570.7349
569.40967
565.4329
571.5467
570.97156
568.31177
563.69824
562.4797
562.84686
565.47375
564.26056
564.60956
568.723
570.7852
571.56775
573.6079
579.2349
573.79785
571.6259
568.8654
570.77673
572.20825
573.73883
576.56866
578.8977
584.32996
581.7401
582.0327
579.42346
577.8231
578.04974
581.85425
583.8161
584.62103
585.60535
588.53186
588.102
590.73334
592.8492
591.2195
592.17676
589.507
587.7982
588.3316
592.0616
594.33154
595.09033
597.0981
597.7212
597.0297
596.88794
597.59735
600.73773
606.4684
608.2091
605.3706
601.20636
599.01306
598.8982
601.1616
599.19507
600.5276
600.0201
600.0501
602.6715
606.5388
605.1522
601.7059
601.6456
601.80396
602.6433
602.0174
602.39545
603.0787
605.5964
605.3582
606.55975
610.17084
613.9358
618.6414
619.9777
620.34296
620.0817
621.32916
624.2327
624.1049
626.44775
626.08124
626.22345
627.4751
629.8814
629.1908
632.7274
629.65393
626.3996
627.13544
626.4057
625.1609
625.7825
628.6274
630.5578
628.5374
629.3768
629.94727
630.41986
636.1533
640.5383
643.95917
637.3742
634.0811
628.6874
626.3646
624.357
627.7488
628.2669
628.7925
631.9407
635.49615
634.98035
634.1643
634.07153
630.7447
633.30884
630.9624
634.6279
631.65436
632.8468
632.2599
632.8164
637.3273
637.11505
638.1658
635.53656
636.8258
637.3498
636.15906
637.8764
638.0041
639.7079
640.4396
642.0959
641.85815
642.59
643.48816
642.6291
644.6252
643.74945
645.37036
643.35504
645.1267
646.8485
647.2866
649.0183
648.5517
646.3818
647.0104
645.6191
647.7376
649.4594
647.66223
648.393
646.82367
646.64453
647.12006
648.1479
649.1917
650.13007
650.2797
650.4431
651.7169
651.0136
650.02716
650.80975
653.0955
653.04736
653.14825
653.07367
654.12964
657.6843
656.7506
655.92834
657.41406
655.8472
655.295
657.0054
655.70435
655.4533
655.3138
656.867
657.51447
659.6529
660.73206
659.8379
659.00586
658.6283
669.73254
670.6345
667.7562
660.35406
662.12695
660.84674
661.72034
660.0417
659.62933
664.44586
658.96423
658.1253
658.36584
659.83923
658.7963
663.9819
658.2843
659.9804
658.29895
659.38666
658.2111
657.9914
662.6563
656.219
655.19104
649.1696
653.281
652.9827
654.33295
653.05853
649.41406
651.6131
648.2589
652.47925
652.39484
656.3839
655.17065
654.0021
652.43195
653.6505
651.3974
652.35565
664.9913
660.4332
657.6283
649.1567
649.5583
650.23724
651.49976
650.48773
647.7685
647.6611
646.696
646.7373
647.01196
646.1438
647.05676
646.41516
647.44147
653.393
654.90094
663.02155
656.4341
653.32544
650.741
643.773
643.649
659.0398
657.2506
653.7282
655.5327
651.7276
655.2986
656.4894
657.12024
656.2441
654.7295
651.8792
653.5151
651.2155
651.47473
648.974
651.41766
652.0564
650.0985
653.5455
656.3804
660.26337
656.81226
655.4146
651.39856
653.62317
652.3078
651.55023
648.59705
651.3098
654.1138
650.79803
648.91766
647.5774
650.2494
650.52466
648.55206
644.9823
645.8431
646.2929
647.85016
644.8841
647.46783
644.6699
641.52954
645.05774
642.4362
645.8977
640.6902
638.96295
637.5884
639.08264
639.12006
636.8061
646.7003
632.48267
634.5498
636.3483
648.0077
641.98663
643.5104
638.99347
631.66846
625.51746
627.88434
628.5032
630.86694
635.5011
639.2624
639.2691
625.3633
633.8423
629.54425
630.1799
629.54425
625.5152
623.2324
621.85345
622.02124
624.3682
633.2796
627.96936
635.39307
632.7206
633.19714
630.7552
635.30817
634.7296
633.3857
638.78546
640.6741
643.6578
622.5711
621.38666
619.6961
622.39166
624.651
627.607
622.27576
646.3478
635.3547
633.1993
632.43054
627.7628
627.4295
618.54004
631.7888
619.22156
636.146
619.9037
639.265
625.07465
637.87695
634.6105
633.10095
634.77515
632.15497
630.6297
627.14954
626.77454
619.82904
619.3403
620.69586
621.58093
623.9771
626.3524
627.0781
629.8487
628.63837
627.9604
634.7676
633.97144
634.38116
635.8965
632.5942
632.2353
630.2245
630.9531
632.01807
631.453
629.1294
627.1903
627.6105
627.04865
627.95996
626.3755
627.0255
625.41266
626.1961
626.93494
628.3218
629.4127
629.1246
627.04175
625.1311
626.6096
627.0473
628.00946
627.0525
628.7411
628.7152
630.5193
629.03674
629.91644
628.9077
628.5518
626.8833
626.8849
628.7311
629.18085
630.4311
628.98553
630.35236
629.3068
630.1669
629.6339
630.99225
631.2315
631.14624
629.48944
628.44836
629.4575
629.84906
631.2698
630.1903
632.3811
630.9442
631.8477
632.0384
633.4319
634.0136
634.1447
631.9324
629.37335
629.95807
629.55994
631.4709
630.39246
632.21234
631.2001
632.83856
633.09204
635.2976
635.4775
635.5136
632.17804
630.7154
631.16
631.0441
632.60974
632.76654
633.1667
631.8377
633.91376
633.38654
635.63477
636.1706
635.3364
632.0515
629.9128
630.4433
630.5296
632.2824
630.9529
632.9096
631.77405
634.0934
633.82495
636.0271
635.6341
635.77985
633.3858
631.42804
632.4578
632.0135
633.5598
633.6422
635.15186
634.23615
635.2065
635.5648
636.2508
636.2953
636.7089
635.9483
633.93304
634.38995
635.3478
634.9536
633.4523
636.22876
637.9338
640.43945
639.08923
642.57117
644.6874
643.4873
640.8706
639.27997
640.5036
640.121
643.62854
640.3795
639.88745
639.3413
640.49725
638.6075
641.6689
641.90594
640.412
636.9193
633.82855
634.0104
633.69025
635.56464
632.94336
635.5812
634.6862
635.5707
633.7957
635.51764
634.82367
634.4779
630.0532
626.2467
626.7656
626.09155
627.04346
626.29224
629.32294
627.08734
629.6623
627.64874
629.07904
628.6497
628.35754
623.6156
620.6634
620.87634
619.45526
621.2453
619.02954
620.59467
618.16516
620.2387
618.8782
620.6233
620.7839
618.8009
614.8304
613.32654
613.05646
611.2973
613.1124
611.0418
612.4926
610.4207
611.6422
610.61475
613.1734
613.8214
613.3379
607.13776
604.9974
604.5656
603.15497
604.8801
603.4853
605.12726
603.22455
604.9431
604.20624
605.0479
604.7549
603.9379
597.94666
595.16766
596.1101
595.25165
596.0859
595.2179
596.77527
595.475
597.90735
596.2306
598.43744
597.2691
595.21796
589.77844
586.7198
587.0019
587.3382
588.3319
586.9524
588.4589
586.9609
588.37146
587.25946
589.1992
588.9965
587.94147
583.3703
580.0456
579.9885
580.2106
581.0939
579.5445
580.4531
578.13617
578.76636
577.1163
578.51373
577.73035
576.2892
570.5422
568.0835
569.03827
569.3141
570.5697
569.5834
570.0577
569.16266
570.3031
569.2818
570.56714
570.0754
567.8718
564.13477
562.3623
562.6134
562.3354
563.1974
562.1574
563.2196
562.09735
563.1098
562.1817
563.25195
562.2409
560.77484
557.15234
554.38116
554.78735
555.3649
556.3611
555.2648
556.1692
555.6465
555.69244
554.65607
555.58386
556.19446
555.50836
550.6868
549.16034
550.51965
551.3939
552.19604
550.50616
551.79395
551.23004
551.92896
551.3669
551.2783
550.30225
548.05975
544.2157
542.2715
543.0271
542.5256
543.39636
542.7185
544.1062
543.3355
544.82776
543.5505
544.5876
544.91876
542.691
538.4811
534.4139
534.86835
535.75916
534.76263
535.26904
536.2117
535.365
535.74786
534.78937
534.0
535.0184
535.1998
532.2457
529.59784
529.14325
529.11646
529.2545
527.97595
529.2526
529.7006
531.1203
533.6064
532.76434
532.7428
533.10675
532.4684
531.7478
533.6318
534.942
533.89124
535.26105
534.2898
533.2624
532.9442
531.82947
533.6248
535.0499
536.0096
535.0597
535.35364
535.4396
536.4115
536.66455
537.59875
540.0096
538.50934
540.8715
543.3433
543.4525
546.0156
546.12756
543.58887
543.3633
541.3966
545.9685
543.4714
542.2936
542.6118
543.83466
544.72534
546.4882
546.67145
546.52026
548.00696
545.76324
544.75134
545.9766
547.8456
549.30835
547.1326
548.06616
547.7175
547.6303
546.2465
548.1507
547.9988
548.6585
546.16473
545.62555
546.7516
547.04865
549.28845
547.7804
548.23047
547.4066
548.62354
548.7443
550.569
551.3943
551.5391
548.8209
547.13153
548.1054
548.74963
549.92474
549.51
550.94604
550.66864
552.76605
552.4935
553.8316
553.5867
553.9851
551.56354
548.6086
550.37415
550.03827
551.35376
550.6225
550.2937
551.44556
552.3121
552.72644
552.8016
552.97546
553.297
549.036
546.6085
546.6803
547.50494
548.1857
548.61694
547.8788
550.6701
551.5028
551.45184
553.7674
554.8298
554.0563
549.2504
547.2195
543.22485
543.0065
543.6209
545.3467
544.9709
543.7256
545.4487
544.72754
547.1801
546.5934
546.86255
543.67584
540.9341
541.10016
540.7772
542.0579
541.1369
542.5108
544.16705
543.82745
543.21814
545.3672
545.16345
546.758
541.05396
541.6224
539.0895
541.58844
539.65173
541.6114
542.14484
540.98413
541.14233
540.0732
542.6939
542.6224
541.94635
538.7098
536.4844
539.8685
536.7689
538.2087
537.5873
540.3407
538.49207
539.8707
539.0573
541.01215
540.8322
540.9836
538.5715
536.7578
536.70953
537.69965
538.96747
538.4961
544.49097
538.20154
544.3742
540.56104
544.36414
544.78864
544.97266
546.35913
545.5881
546.01245
544.3559
545.0502
539.3381
546.18286
539.85266
540.9944
543.54834
543.83594
545.70715
547.3847
545.36926
546.5751
545.3023
544.735
543.3902
544.313
546.41113
545.27594
547.464
549.482
549.78186
548.90045
549.81586
549.6124
542.6427
542.278
544.3711
543.96344
541.71765
543.18866
541.5122
543.25305
542.39246
543.78174
543.9666
545.01276
537.67004
537.92957
538.8935
539.2829
541.1636
539.0899
537.62683
540.52405
539.14545
539.3537
538.46655
540.0753
541.11096
539.9724
540.51697
540.8152
541.3126
543.1777
541.9635
543.5152
541.8916
543.62946
542.5963
544.82654
543.76874
545.1907
545.58826
546.6887
548.1114
548.2068
550.0703
549.08655
550.9352
549.55133
551.64935
550.7793
552.4836
551.54926
552.9722
553.346
554.0647
555.6026
554.03687
555.484
554.77094
556.37634
555.1584
557.3319
555.9073
557.21814
557.05817
558.7398
558.1284
558.34717
558.9905
559.4576
562.7888
562.4625
563.1868
562.4844
563.4155
562.90265
563.7835
563.41595
564.1292
564.29193
563.6229
565.83154
564.68365
565.8826
564.966
566.0385
564.6966
567.285
566.6035
567.2596
566.7244
567.0637
561.8194
562.50806
562.4093
562.2034
563.0224
562.16925
563.1738
561.9796
562.9971
562.45844
563.0436
562.6136
562.44275
559.8039
559.1732
559.2648
559.52295
560.2501
558.57776
560.37067
558.5475
559.64954
558.56793
560.6835
558.8625
559.781
559.50854
560.30994
563.41125
561.54114
562.90125
561.7546
563.88806
562.26184
563.979
563.21857
564.97406
564.9322
567.2941
568.09174
569.34143
570.6243
570.1579
571.28253
570.1188
572.0957
570.56244
572.0248
571.21234
573.48456
572.2057
573.48474
571.94867
572.0637
572.41614
572.211
572.9488
571.78046
573.33716
572.11163
573.5278
571.67975
573.73535
573.2231
570.2
570.7288
569.9773
570.7816
569.8446
571.6421
570.73956
572.46405
570.76495
571.7735
571.25275
573.6586
572.90814
574.4328
573.2463
566.6456
567.7361
567.5988
567.7593
567.3944
568.95935
566.6939
568.56287
567.76697
568.99567
568.6936
569.13934
567.61914
567.62134
567.7378
567.5222
568.23267
568.12573
568.50775
567.93823
568.7721
568.0146
568.87555
568.5187
565.0124
564.17676
563.6754
563.7157
563.82544
564.7652
563.9485
564.39154
563.9806
564.4156
564.05145
566.06647
565.1528
565.5486
564.4025
556.7044
557.43024
557.97705
558.29706
558.7788
559.03766
558.89777
559.01434
559.06067
559.85004
558.32654
559.7942
554.89795
551.743
551.94275
550.9329
552.18286
551.1032
551.4673
549.7858
552.12335
549.2815
550.9256
551.1546
547.661
548.2201
548.61224
546.93353
548.83875
549.41595
547.7451
548.8403
547.731
549.4431
547.45197
550.45306
548.11365
549.71545
549.344
541.64136
543.51385
544.13885
544.2931
544.5136
545.0614
544.3819
546.0287
545.20337
547.92487
545.1467
547.3436
538.4407
539.2739
540.51605
540.31854
542.074
540.2659
542.14325
543.52405
546.37506
542.3688
545.0212
542.91504
540.56494
541.6072
540.23193
540.2831
541.3122
540.5499
542.816
545.6244
544.14496
546.8962
544.4957
546.3038
544.9392
546.52997
544.81976
545.7908
545.2349
545.57574
545.23236
546.0342
545.3981
544.2291
545.90045
544.9564
547.51917
547.22034
548.2947
547.0615
547.23737
547.2421
547.86676
549.05646
548.34705
549.8423
549.06226
550.6119
549.31476
551.68256
551.6375
553.27875
551.855
552.6909
553.49243
553.68976
554.70514
554.15173
555.51874
554.55145
556.52106
555.0077
557.0367
556.696
557.96155
556.01715
556.86096
556.8522
557.2479
559.1411
557.49243
558.99976
557.7322
559.59235
558.2417
560.9906
559.7627
561.31
560.1177
559.8372
560.4907
560.6681
561.7835
560.8225
562.6111
560.91077
562.7712
561.8167
564.5138
563.9239
564.36664
562.39264
559.5266
559.8288
560.3125
561.00366
560.1601
561.27795
559.8621
561.5683
560.2183
562.33496
561.4846
563.52155
562.1873
562.7164
563.67444
564.27563
565.4827
565.05676
566.6723
565.17365
567.6022
566.27496
568.8163
568.42413
570.8342
570.29065
571.3537
572.6338
572.67596
574.4849
573.42883
576.04974
573.93353
576.07837
574.06683
576.67194
576.6236
578.3553
576.7737
577.22406
578.3337
578.5775
580.62225
579.2599
581.19025
579.70856
582.51843
580.16724
581.6234
581.1143
582.75684
581.7939
582.50543
583.479
583.35095
584.81604
583.5642
585.85345
583.79834
584.72156
584.39984
586.1157
585.3754
586.87384
585.74066
586.5719
586.8721
586.64325
588.596
588.85596
589.31537
587.4875
590.1017
588.2686
590.87427
589.88873
591.4796
589.94324
589.64307
590.2088
590.02185
591.31
590.21436
592.43274
590.1311
592.55115
591.1106
593.17664
591.8475
593.68677
590.13855
589.9701
590.835
589.74677
591.8071
589.97687
592.12555
589.99854
592.407
590.5298
592.3172
590.7965
590.6992
587.10657
585.75385
585.00336
585.3309
585.6861
584.28186
585.33405
583.939
584.5263
583.58276
583.6047
582.5158
581.53394
575.88965
571.7629
572.6023
572.64703
573.9358
573.25494
575.0865
573.3002
573.54834
573.4872
574.12695
573.8934
573.8708
570.40845
569.3093
569.5667
569.0044
570.04504
569.1096
570.2384
568.7408
570.5789
568.8907
570.7322
569.8613
569.4945
566.8977
565.69385
565.8038
565.5045
566.5575
567.0201
567.3577
567.2499
568.4461
566.5921
568.11255
567.17194
567.136
563.38635
558.33356
557.49243
557.1955
557.02094
555.7825
557.4367
555.5263
557.69836
556.3861
558.2023
557.18945
558.38904
555.81323
555.6659
556.3843
556.2715
557.42224
556.6097
558.1715
556.5187
558.84753
556.92535
559.0487
558.6606
559.59546
557.69794
557.7711
557.938
557.67773
558.8719
557.4489
558.8792
557.9655
558.98083
558.1715
559.8616
558.7149
561.00385
560.53424
560.52124
561.1655
561.76044
562.89484
562.1648
564.1272
562.4873
565.0482
563.89246
566.75635
566.216
568.44586
567.7688
568.7654
570.0849
570.42426
572.3483
572.44995
575.2381
573.44293
574.29034
572.645
575.21783
575.2749
576.9205
575.7837
576.28937
576.9939
576.98755
578.5629
577.691
579.2126
578.1569
579.76935
578.81354
580.98914
581.2304
583.79517
583.3149
583.7902
583.0896
583.76855
584.7237
584.5118
585.2065
583.2898
585.27783
583.9271
586.0713
585.97656
587.9152
587.25684
587.7814
588.49554
589.044
591.0444
589.83923
591.9979
589.9294
591.90753
590.1937
592.50195
591.356
592.8228
592.02124
592.6253
594.4287
594.6258
596.62805
595.3818
597.76935
595.38525
597.732
595.93646
599.117
597.8181
599.40393
600.29663
601.5284
603.1787
603.18713
605.83246
603.84
606.33167
603.6555
606.4825
603.9875
606.63605
606.44196
608.5067
608.4136
609.2619
610.89514
610.5605
612.85016
610.3969
613.20795
610.44025
613.38605
611.03613
613.45557
612.41064
614.42993
613.46265
613.2837
614.53485
613.5717
615.393
613.223
615.53815
612.716
615.3892
612.8186
614.82056
613.16705
613.59296
611.6467
610.14404
610.9542
609.8708
612.1379
609.3579
612.07056
609.23834
611.7193
609.1709
611.8305
610.0824
611.4559
608.2027
606.8814
607.2282
606.3911
607.98267
605.68335
608.16187
605.1824
607.1467
604.9031
606.67303
605.55426
606.2095
603.6212
602.42267
603.1688
602.14764
603.9375
601.7063
603.796
601.26
603.54266
601.33
602.4065
600.2472
600.21326
595.80865
592.2685
592.41254
590.3598
592.88043
590.2406
592.5014
589.6595
590.9624
588.95123
589.5351
588.60223
585.3195
576.58374
567.6053
567.13293
566.303
566.6712
565.2699
565.7188
563.8978
564.5402
562.52814
562.6749
561.58344
559.4675
550.25525
545.5064
544.49915
544.7827
545.1033
544.6109
544.9814
543.6008
544.158
542.58295
542.84937
542.44763
539.1541
533.03284
528.5683
527.2895
527.63257
527.68134
527.1022
528.1013
529.81165
527.92224
528.39197
529.5305
529.19116
526.9809
521.0044
516.072
513.98004
516.0243
515.95667
514.752
514.3199
513.82855
513.8558
514.64734
514.004
513.6495
513.78534
513.47925
510.85684
511.9087
510.6594
510.89075
510.26038
510.25577
510.745
510.45792
510.05176
510.5437
511.85977
513.1362
514.00806
514.2619
515.29846
516.21765
516.4573
515.77203
516.1556
516.12585
516.5358
516.36945
518.6625
521.0401
520.54333
519.71014
520.69354
521.1007
521.6693
519.2923
523.2221
521.1542
526.9673
527.308
530.55994
532.057
532.36035
532.7283
533.47906
532.1703
530.86597
531.61084
533.2989
530.07056
528.3712
527.1967
528.8967
530.5699
532.8505
531.80396
533.0195
532.2156
531.4717
535.11993
533.74207
532.79364
533.80884
533.98364
534.3886
535.1272
532.2432
533.23944
533.0986
530.88074
524.79486
516.62494
514.9843
514.2637
514.7971
514.55676
514.2073
513.20935
513.02295
510.7895
511.6436
510.16544
509.0073
498.13443
490.41446
488.68274
487.6573
489.07977
488.26413
488.9325
489.57147
488.67227
489.2649
487.34216
486.5743
483.89078
477.4349
470.9411
469.99997
470.12473
470.08368
470.62195
471.4339
470.63385
470.02887
470.8055
472.02637
471.14813
468.66913
462.78677
455.13025
454.5504
453.89236
455.13556
454.79037
452.13614
452.79834
453.26837
453.21057
454.24225
454.28015
452.16733
445.3467
441.2312
438.79013
436.85123
437.5887
438.7377
437.1619
436.19406
435.97485
434.0553
435.0927
436.48944
436.19467
431.01617
427.24832
426.44852
427.54245
429.1372
427.73917
427.10422
428.4846
426.87924
428.36484
430.02905
430.08566
428.42355
422.67563
417.11273
414.4557
413.8052
412.631
411.33624
410.6916
410.0867
409.23624
408.0913
408.1218
408.4557
407.5159
402.5864
397.5351
396.79565
397.1688
396.94373
396.2255
397.46548
398.18185
398.11578
398.21844
398.44855
399.63474
400.03354
397.79227
395.3052
396.0103
397.2382
396.3568
395.9853
396.73718
398.1746
396.92374
397.09366
397.68912
397.7162
398.3579
394.20206
391.5703
389.73538
388.83377
388.6868
389.93567
391.43402
391.81384
391.85635
392.07956
393.96497
394.96143
394.38815
391.2196
388.28003
386.25537
385.80786
385.28622
386.10565
387.51196
388.69858
390.17227
390.42188
390.7619
392.4511
392.50507
388.61774
384.82684
383.4125
382.5835
384.33014
385.74115
385.99738
384.216
384.5876
383.27713
383.18365
384.09412
384.83743
383.6465
382.31912
381.0541
380.10464
381.26297
382.05707
383.02176
381.86865
381.77887
383.31238
382.92743
382.5086
383.66296
383.4218
382.49258
383.24188
385.384
386.70547
386.1851
384.26755
383.95166
384.48077
385.19553
385.04477
385.40152
386.28595
385.69073
384.55676
386.61728
387.07816
387.78125
388.5098
389.57208
389.13803
390.6381
391.87445
391.957
391.70926
393.13553
393.44907
395.33276
395.46988
396.4709
395.68527
397.743
397.58768
397.09863
397.31528
397.40146
398.65366
398.61694
399.4141
400.15128
401.05917
401.6688
401.98282
403.60803
403.5835
405.2101
402.67334
403.07443
401.6369
402.506
404.14468
404.3001
404.18954
403.7698
405.4209
405.37378
405.76144
405.1702
405.0961
403.12817
404.9613
404.7889
405.07062
406.26785
408.30017
408.5941
409.27206
411.47675
410.7003
410.4316
410.84723
408.9052
409.91852
410.36365
410.93036
411.5754
411.4221
413.08453
415.03482
415.33212
415.60303
415.5238
416.1407
416.94287
418.305
417.63348
418.2315
418.9928
418.75845
419.21097
421.7583
422.20734
422.63895
425.4951
425.6785
426.731
426.67935
428.8109
427.38693
428.12973
427.31866
426.6806
426.752
425.95233
427.72314
426.62338
427.22937
426.58087
427.33878
427.649
429.60126
433.0194
430.6674
429.31448
427.5995
429.49353
428.66214
428.84076
428.80432
430.0672
429.61963
429.79327
429.43826
429.3035
428.69916
429.32278
429.69547
430.04114
430.17676
431.35956
431.66467
431.5443
433.29993
433.9141
436.25333
435.10846
438.79922
436.6093
437.32272
434.979
435.68283
435.47256
436.3315
436.44458
436.8933
437.92062
437.91046
439.33743
438.83307
439.82043
439.50732
439.9014
439.54593
440.26517
440.3857
440.81107
441.6356
442.00854
442.35114
442.55624
442.9991
442.3263
442.97052
441.89468
442.8417
442.64694
443.67206
443.6128
444.64044
445.3113
444.77814
444.84943
445.0208
445.78674
444.68683
445.29745
444.93774
446.36383
446.0771
446.0908
446.367
447.92218
447.12534
446.46735
447.61777
447.22
447.99188
448.1049
448.4692
447.6785
447.2281
446.59628
447.91455
448.4788
448.82516
449.92178
450.81973
452.00098
452.96805
454.46695
456.37415
455.92242
459.1147
458.69135
462.45245
461.44458
462.8726
464.0846
464.4258
463.01004
462.845
465.3351
463.61713
468.7016
471.41333
468.93924
471.8548
469.3054
468.66837
469.52435
470.1635
468.9296
468.3527
467.43683
465.96622
467.3543
467.23392
467.2994
466.9303
466.982
466.8335
466.58032
467.96564
467.163
459.85593
453.6538
452.27982
450.8901
450.88528
452.46042
453.37375
451.9535
452.73508
450.082
449.4077
449.87836
448.98703
443.71613
438.33746
436.46194
434.69025
435.02017
433.8712
433.77515
432.53082
433.5059
433.93607
436.1555
435.0379
434.07498
427.79843
422.48334
420.4842
420.06247
419.76352
418.57507
418.9479
418.05664
418.5231
417.94675
418.7696
419.8922
417.6792
413.49866
408.15067
405.1543
403.8831
404.32446
404.27475
406.1685
406.89514
406.29953
404.57828
404.06143
404.2299
403.7848
399.5238
395.63907
393.84137
394.55435
394.31796
393.62195
393.98056
392.85074
393.2017
392.6039
393.632
393.77548
393.0142
388.86215
382.70456
380.50012
380.73523
382.68723
381.6593
