nan
12300.588
6466.5205
3663.861
3195.4238
2749.05
1985.884
2589.9082
1767.8182
14786.853
1750.5883
1044.7238
14358.371
1250.8667
1382.6138
2124.854
1485.7434
1567.8881
3366.0117
1345.5123
5663.715
1365.0824
8441.367
1529.4264
1969.3353
1964.7493
1578.9675
13460.913
1710.9076
9449.583
1244.5292
11044.772
1112.5305
9863.127
1149.3146
4761.3633
1293.4956
1839.1022
1145.5563
1274.4089
1309.4084
1047.0884
1631.3558
1002.95746
2705.3638
1043.0121
4219.3735
1025.4689
2281.1638
1098.8885
1354.0253
1043.4543
1057.4304
1124.556
960.9721
1348.669
904.4456
1816.5848
919.1225
2204.8574
938.91174
1633.3534
979.10364
1203.8564
1003.7977
1022.1763
1077.0815
934.58594
1233.3478
891.2489
1502.4651
890.3139
1680.1096
907.35
1397.1238
934.8821
1125.0055
964.6809
997.4047
1052.2258
928.505
1195.359
899.07874
1397.366
901.0076
1491.3723
920.2861
1288.8901
953.7026
1097.7432
993.1537
987.90015
1035.0286
930.8418
1153.228
890.66583
1322.0424
897.8551
1404.3679
932.4346
1274.6538
957.08954
1112.8762
967.8186
1010.2802
1054.2866
950.95416
1194.7925
918.47943
1415.8347
929.7621
1549.3671
947.9137
1414.806
964.55804
1205.945
1014.44836
1071.9893
1123.1068
987.38794
1278.6176
969.03723
1468.3903
943.5032
1515.4238
926.11237
1326.8688
934.10144
1127.5142
968.2843
1008.1189
1032.7151
950.6349
1131.061
931.9963
1238.9501
905.5295
1258.2988
903.9682
1147.6407
908.9965
1029.4207
926.36005
975.37054
965.49243
962.96564
1022.57196
964.49475
1078.5132
951.53125
1079.3046
932.8577
1018.63513
937.48096
954.98413
920.892
949.9664
920.4158
970.4998
949.96014
986.8267
972.36
991.0938
960.505
1002.99915
930.40814
996.3274
920.7335
993.32513
995.4044
960.851
1013.07306
906.45276
1006.8682
904.6159
1015.8761
897.1002
1042.5137
878.8457
1043.7413
941.32465
1068.1729
972.84515
1045.6449
994.2529
978.4757
992.8532
909.5081
1025.1453
879.34283
1052.258
900.0523
1062.2983
948.99713
1075.2408
987.4926
1043.8452
1011.89465
979.3711
1026.9095
879.63367
1044.2533
857.7016
1059.0487
941.57886
1069.785
1009.3778
1072.3259
1031.2285
1049.9362
1060.9268
1007.1669
1079.939
955.76385
1093.6389
941.7766
1082.6926
929.31354
1071.5629
970.8882
1064.3293
1006.4253
1058.8705
1028.9149
1034.2653
1058.5725
957.4531
1074.3433
931.4187
1077.597
951.3162
1099.8246
992.93933
1085.5625
1029.144
1060.8363
1046.1265
1007.02185
1066.3953
974.72485
1087.9652
952.73517
1070.4233
957.56354
1071.0356
1011.4253
1057.8853
1022.0354
989.27167
1023.8272
940.96375
1042.9666
897.7881
1057.1115
881.9495
1045.213
871.0311
1023.5795
978.6615
1032.0277
1011.12933
996.3917
1056.1427
953.33344
1040.2186
913.93994
1029.8281
914.5662
1040.5802
909.4187
1025.9381
961.0602
1008.5272
984.13934
961.60284
985.695
928.0679
995.92487
893.44794
986.25806
913.6812
977.4313
917.84155
995.36755
939.38367
987.0589
946.10626
949.1607
953.92584
941.4776
972.3663
927.36414
997.42554
914.18994
1006.0198
933.3404
1029.0135
952.9144
1008.9882
961.4768
954.217
958.0905
922.85
961.59705
901.6816
967.5078
897.59357
977.3154
903.09607
971.68567
920.81274
949.28625
936.5841
943.9507
960.9973
917.6541
970.0979
903.5845
967.1232
893.24805
991.9102
922.0474
992.10034
945.6949
1005.906
972.48157
956.53955
977.8413
929.6342
992.02856
900.3524
994.4287
900.4906
1003.0492
924.94977
1041.5752
932.3733
1008.1404
968.2822
978.7557
982.8059
930.9556
986.403
892.6035
977.11005
898.568
979.84314
925.6594
987.6551
941.2478
996.592
966.82
992.9004
1000.62823
940.0552
1016.2066
909.48236
1021.96356
906.7534
1033.9108
944.0945
1053.9022
961.07416
1067.9524
976.06525
991.8575
987.95197
957.192
995.97925
921.33905
1022.4946
932.46344
1041.1028
932.8749
1077.8717
969.5171
1042.1438
984.6309
990.14996
1002.32214
939.3348
998.092
910.94147
1005.5651
920.8848
1034.8242
942.18756
1056.8293
971.7159
1081.6475
983.97504
999.78723
1000.7067
943.67267
1007.28625
908.2793
1020.39026
899.1585
1042.8936
895.7122
1053.4231
974.52606
1036.5504
975.0951
989.1221
986.06744
931.36035
991.2702
907.311
1006.0491
904.7678
1018.89185
923.98364
1037.6295
956.8822
1033.7577
981.082
1025.5461
990.59894
969.8727
1002.14026
934.6475
1028.1163
892.92444
1057.133
936.2654
1103.4696
960.5692
1086.2166
981.67126
1043.7987
1002.4255
994.9157
1016.0227
954.4106
1053.1963
901.5928
1076.7789
928.38586
1111.6884
977.89575
1071.4192
1022.22565
1052.34
1056.6991
1022.53485
1082.1509
986.4983
1091.5164
930.504
1112.136
956.2835
1123.8724
1015.2504
1096.894
1045.7131
1104.2976
1066.2446
1061.2767
1109.0182
1007.5154
1121.1453
956.1872
1114.2463
963.6906
1094.8862
994.353
1114.2722
1017.9011
1079.4359
1053.2416
1067.4857
1076.8984
990.6791
1096.2289
983.046
1123.737
987.3746
1134.9926
1016.793
1157.7338
1055.2312
1130.1196
1093.2013
1093.595
1126.681
1023.0972
1136.6833
991.2745
1149.696
986.06836
1117.2637
1002.78937
1125.5117
1052.3793
1126.694
1090.4807
1088.4924
1121.4099
1016.77313
1141.9589
982.79944
1125.893
965.7579
1129.3105
969.40314
1134.8673
1010.64026
1114.6455
1065.2332
1013.76996
1114.8829
942.2352
1113.4152
932.7212
1127.6049
964.92
1128.7517
988.1878
1120.8231
1019.3973
1096.6549
1030.6989
977.19415
1088.5714
931.5618
1119.3823
933.9953
1134.7906
966.6236
1160.0399
1023.16296
1174.3528
1069.194
1150.0476
1101.8785
1107.5941
1129.0492
1041.8088
1139.9509
1011.38824
1154.571
1027.2341
1151.9921
1040.4552
1139.0432
1048.0531
1124.8907
1069.2324
1028.8761
1093.5289
992.8909
1129.8167
978.3276
1140.0957
967.47266
1112.411
987.4808
1088.4291
1013.82043
1056.9791
1051.3159
1013.8683
1060.1464
969.74927
1060.2653
950.1131
1042.341
944.0153
1050.3667
960.36084
1031.3353
992.9922
1029.6771
1020.3547
1019.35675
1052.0118
978.95465
1056.0691
958.269
1061.9912
968.8835
1063.5865
1005.6875
1061.1823
1057.3279
1058.6816
1091.4957
1051.909
1089.0487
1025.5457
1087.3845
1016.61865
1091.8604
1030.6519
1093.1918
1066.2979
1087.5199
1101.2235
1084.703
1113.1769
1063.4062
1102.8688
1043.0114
1116.1204
1038.9108
1122.8224
1059.8687
1124.404
1093.5891
1117.8469
1125.4664
1113.646
1135.0719
1096.1489
1136.4622
1073.1234
1148.0619
1071.4291
1153.9482
1096.887
1156.1588
1115.1274
1155.7372
1129.968
1146.6276
1136.4244
1129.9119
1149.2839
1101.7999
1156.1119
1097.1941
1166.6953
1118.2396
1177.4246
1132.0028
1178.4641
1146.6064
1175.6753
1171.2162
1155.5492
1189.9194
1143.278
1199.6454
1145.0271
1209.52
1164.7032
1219.1549
1178.2893
1216.3922
1186.4098
1211.2695
1199.9341
1206.3187
1223.9111
1191.1328
1232.8528
1188.5732
1242.0106
1194.2887
1248.9612
1199.2407
1253.2318
1207.6323
1244.031
1222.8265
1227.8477
1219.0402
1214.682
1224.4689
1204.7318
1234.0999
1203.3759
1246.8202
1204.8926
1255.808
1214.5939
1261.194
1222.0538
1259.1848
1233.1854
1245.1952
1238.0537
1224.3048
1258.087
1228.2671
1269.4515
1225.2035
1272.7516
1240.0889
1273.0925
1257.4519
1265.0435
1251.712
1241.7107
1276.0165
1253.6349
1270.551
1234.2719
1269.442
1254.2699
1269.0951
1260.8967
1262.1871
1247.0377
1217.9866
1250.4803
1211.2964
1226.1273
1207.4369
1265.0624
1206.6523
1253.3127
1211.4675
1252.4945
1219.3937
1228.3177
1231.3281
1215.9838
1225.1764
1199.3788
1216.0042
1186.153
1193.8922
1184.9949
1197.8152
1180.791
1182.8243
1175.4724
1182.013
1178.2583
1176.2157
1184.4746
1185.1041
1221.8015
1207.9535
1245.0167
1222.2751
1257.7771
1232.5139
1264.5929
1244.9373
1257.8597
1259.724
1241.9803
1260.1196
1246.8846
1250.5786
1236.6292
1254.092
1250.4592
1254.4684
1262.0665
1256.2451
1250.8248
1246.3082
1238.6952
1252.1031
1266.2386
1244.5028
1253.3767
1245.4607
1262.4398
1223.8793
1268.8455
1241.0623
1278.169
1228.3566
1270.8258
1233.7557
1245.3308
1240.308
1233.3774
1245.5577
1240.0642
1287.3164
1252.7476
1292.05
1249.0302
1279.3048
1239.6388
1240.4747
1223.5028
1195.9347
1197.739
1181.4832
1219.071
1184.8162
1231.9512
1201.9518
1241.1318
1198.7538
1233.954
1225.0889
1227.9181
1224.8401
1218.8799
1225.4592
1195.0851
1204.1248
1167.7611
1190.6145
1152.472
1179.3713
1145.5864
1186.1035
1170.1583
1182.6257
1161.7843
1160.6833
1176.803
1156.3253
1165.4249
1138.2106
1177.7045
1154.3433
1190.1066
1162.2778
1180.5492
1172.5995
1174.6115
1180.4388
1182.2659
1184.4487
1159.3146
1201.6731
1172.309
1210.65
1186.64
1214.9275
1188.5525
1208.9833
1210.5559
1196.8597
1196.8622
1161.3685
1196.2595
1164.1793
1195.113
1163.3804
1190.0586
1150.0962
1184.0479
1163.1127
1176.3824
1176.8815
1180.2549
1171.1841
1143.4828
1162.1519
1136.7308
1158.9756
1114.8066
1147.3589
1115.5085
1157.6443
1121.955
1161.3314
1148.0111
1148.6152
1154.9136
1137.1716
1162.985
1134.2394
1157.6838
1137.5481
1157.5562
1126.977
1142.251
1135.7539
1155.4658
1147.8414
1140.3594
1164.9521
1157.406
1182.0751
1152.233
1176.013
1149.9277
1188.8434
1158.173
1180.1862
1149.7878
1160.7622
1146.4451
1139.3892
1157.1555
1154.4874
1166.7992
1137.4111
1175.0221
1152.529
1173.4758
1148.0461
1182.5406
1154.2571
1203.0869
1155.6097
1204.3934
1166.0166
1177.2876
1168.0972
1159.8137
1158.8744
1150.5328
1160.5947
1146.9077
1175.5232
1146.7554
1179.4607
1149.0597
1176.1814
1149.6714
1191.977
1177.7462
1175.6628
1167.0999
1167.2971
1192.8671
1166.8933
1216.47
1163.591
1210.6879
1154.8871
1199.4465
1160.8828
1177.7317
1178.9812
1159.7672
1202.5414
1160.9268
1207.73
1166.8235
1225.4554
1187.0688
1217.8264
1172.5726
1186.2651
1175.1857
1194.7675
1189.0853
1203.9822
1193.7496
1175.0807
1203.6924
1170.5754
1214.32
1171.6592
1229.7561
1176.6106
1197.5708
1171.4761
1181.9597
1196.1656
1152.4954
1197.1757
1163.3721
1206.9952
1173.2076
1216.21
1176.4105
1217.744
1175.9122
1233.3647
1198.7622
1224.0853
1190.5747
1207.2538
1208.089
1188.8038
1217.7523
1192.6097
1233.7928
1176.7152
1241.2646
1196.4138
1243.3765
1204.2345
1239.7821
1227.8181
1235.0817
1249.1556
1200.828
1258.8342
1189.7888
1270.5823
1190.083
1295.1813
1193.4155
1301.3011
1213.9708
1279.9084
1242.6277
1240.6554
1232.0001
1193.3594
1256.4451
1168.8359
1251.0637
1163.6083
1252.4542
1170.552
1250.1019
1203.7809
1234.6744
1230.4102
1238.837
1237.7389
1207.7095
1226.6301
1183.0765
1216.3387
1177.6748
1213.1564
1185.5885
1226.5704
1202.242
1210.3805
1206.2262
1199.5162
1203.4917
1180.1049
1208.6975
1168.9741
1196.2156
1152.7452
1196.1991
1172.1383
1190.324
1159.1007
1160.8793
1141.8926
1128.5521
1135.6952
1115.0919
1129.3445
1110.1271
1138.909
1102.1254
1124.8245
1091.399
1107.4445
1090.6265
1098.6711
1094.874
1092.9337
1094.3782
1074.3071
1091.334
1070.9755
1106.5087
1076.7112
1112.7042
1092.8008
1122.616
1094.737
1096.9572
1091.0948
1082.8164
1085.31
1075.6023
1096.494
1072.5723
1089.1615
1066.7367
1086.0774
1071.6642
1080.696
1073.1241
1074.338
1071.8081
1065.0034
1065.3389
1053.6221
1073.4323
1052.2382
1075.8419
1060.0576
1084.0448
1071.0204
1092.0377
1089.2596
1096.9395
1092.913
1088.7616
1097.9229
1075.457
1096.1721
1081.7075
1101.232
1081.9221
1103.549
1092.5139
1111.822
1106.2957
1115.2295
1116.5419
1105.9828
1116.9131
1102.787
1113.6282
1097.7604
1128.2522
1097.4373
1122.9783
1105.9343
1129.724
1111.2418
1117.3323
1123.0956
1110.8414
1122.4589
1110.4973
1122.2509
1106.4781
1136.4172
1122.2855
1151.1836
1140.6738
1162.7761
1160.757
1163.2942
1165.3314
1170.1779
1184.1552
1159.2837
1170.3243
1148.8606
1179.2764
1166.1403
1194.9617
1169.7389
1185.9393
1156.8612
1155.687
1163.2919
1171.5115
1174.7915
1161.2859
1187.1188
1166.682
1198.8414
1161.8988
1207.0573
1180.4789
1203.7648
1170.1051
1184.6765
1174.1279
1164.2844
1178.3052
1153.1052
1177.3466
1147.3353
1181.6088
1159.5957
1178.9392
1160.0204
1164.5731
1161.6577
1173.6803
1179.3527
1168.5043
1185.2451
1179.7522
1200.2213
1185.4476
1208.5492
1195.6305
1216.0026
1189.0782
1215.1039
1208.6919
1202.7413
1198.4265
1203.382
1210.7206
1190.224
1206.9343
1185.6177
1200.9122
1192.6819
1209.5262
1215.762
1219.326
1226.0995
1194.4872
1209.0985
1198.28
1206.0648
1176.9597
1199.3601
1192.4895
1204.3217
1195.6199
1187.9883
1193.2114
1198.5471
1203.562
1185.2383
1203.39
1177.8699
1191.3374
1164.2163
1169.9874
1149.9753
1156.4666
1141.0238
1141.0112
1135.9485
1138.0073
1136.456
1116.3646
1120.591
1109.3634
1117.3231
1108.4626
1124.0411
1102.3905
1108.4225
1094.3969
1091.832
1100.6693
1085.6412
1103.2767
1079.8259
1115.6011
1087.3872
1103.9978
1070.371
1098.1409
1085.8523
1092.6802
1086.9546
1082.0204
1096.5635
1075.9716
1093.3201
1070.3406
1102.5947
1070.4102
1110.0225
1085.8783
1122.572
1106.4723
1117.3541
1108.4486
1120.3652
1134.2008
1127.3461
1144.9049
1126.6852
1158.7784
1116.0095
1139.4612
1115.3297
1135.1925
1102.1737
1123.7002
1101.2295
1108.523
1109.9204
1109.6301
1121.1147
1097.899
1111.5618
1090.9016
1108.5055
1065.4381
1095.857
1060.1477
1099.5067
1067.7468
1104.0059
1079.9746
1099.4493
1088.898
1090.231
1096.5051
1065.911
1078.6218
1042.7673
1070.9845
1027.7538
1072.2228
1046.2393
1073.3583
1048.7366
1071.6122
1065.4915
1066.8433
1060.4001
1043.5011
1067.8171
1042.5883
1088.4586
1048.8591
1095.4984
1045.7885
1078.4324
1042.9614
1072.174
1050.3711
1050.44
1067.8179
1035.1974
1068.2865
1023.99603
1055.3131
1020.80457
1060.85
1023.5683
1066.2625
1032.6918
1059.5887
1037.7502
1034.3083
1037.0552
1021.7626
1034.3422
1005.7734
1032.1929
1004.00574
1033.7758
1007.79
1042.6721
1016.81995
1036.8374
1030.5936
1040.41
1044.1781
1025.5707
1048.95
1021.0183
1056.6279
1022.252
1067.5529
1039.3926
1068.8103
1047.7175
1061.478
1056.1262
1046.2506
1053.3052
1026.9147
1048.5518
1011.1295
1046.6685
1017.72186
1052.1616
1016.15826
1039.4387
1023.80725
1031.8588
1030.9385
1034.5006
1034.4725
1013.64246
1033.2223
1005.7595
1038.746
1001.1095
1040.5574
1006.88184
1039.2395
1013.91595
1030.3119
1027.9563
1027.4333
1044.0586
1022.03937
1044.5035
1015.1247
1054.9995
1020.88055
1059.4801
1022.86755
1063.5751
1042.8018
1063.3754
1056.7222
1059.247
1057.2157
1035.6951
1071.491
1037.7979
1080.6968
1035.5442
1079.0356
1047.9943
1081.3214
1047.8514
1076.2827
1062.0873
1075.3157
1070.2067
1040.1162
1050.4042
1018.09564
1058.3755
1023.47876
1063.909
1033.5492
1072.8855
1048.5245
1061.5487
1034.3784
1033.6631
1038.6865
1031.8168
1055.8945
1024.1104
1067.4564
1030.3832
1079.6866
1047.8322
1091.9055
1057.5625
1088.7921
1070.6483
1083.3206
1094.0201
1079.5802
1103.6692
1055.3254
1087.37
1050.7773
1100.8353
1053.8375
1082.205
1047.2734
1077.02
1070.3206
1085.5037
1070.5453
1069.9395
1083.5651
1061.4458
1087.2311
1049.8052
1096.4349
1051.8948
1111.964
1064.8424
1123.1556
1064.2444
1102.8154
1077.7062
1083.4049
1087.0026
1066.031
1091.9762
1052.9629
1109.6733
1058.3041
1120.1316
1074.1587
1128.0586
1079.9087
1110.717
1097.9124
1089.4877
1095.3129
1065.5089
1103.9001
1067.8789
1122.1191
1077.0884
1138.2012
1091.1306
1134.1595
1086.151
1119.9888
1108.809
1107.2025
1107.8566
1085.3925
1128.1647
1087.7715
1135.1893
1086.1797
1154.7146
1096.486
1157.7286
1120.5161
1153.4581
1128.3242
1124.7444
1144.6792
1108.4539
1141.684
1096.7264
1141.3861
1111.3715
1138.5272
1136.081
1126.9357
1125.1995
1105.1058
1100.3279
1076.7079
1111.5258
1077.9072
1134.6831
1085.2925
1139.1053
1085.0656
1142.3579
1107.013
1150.5566
1140.3345
1144.127
1153.917
1147.1798
1158.8817
1133.7588
1152.5082
1117.6694
1152.3202
1118.5591
1159.15
1126.0741
1153.5703
1127.5884
1135.6741
1127.4534
1122.4062
1119.977
1106.7844
1135.85
1084.7067
1134.8634
1080.5919
1140.5824
1077.093
1134.9215
1097.9924
1129.371
1121.2214
1128.1189
1141.1882
1127.7489
1135.45
1103.1124
1132.3986
1097.5195
1132.4683
1115.9379
1125.1943
1108.3251
1110.1309
1123.518
1115.6948
1116.3173
1096.3774
1108.4069
1083.3429
1111.0449
1081.5096
1103.4891
1076.1115
1093.2512
1090.5428
1091.5254
1091.9857
1078.351
1090.134
1064.5468
1094.4518
1075.9692
1105.2252
1084.1675
1122.2406
1089.0656
1121.8529
1102.1031
1099.9789
1090.4149
1086.7311
1097.0592
1089.2849
1104.3966
1075.3152
1102.2909
1089.0992
1108.2266
1092.3564
1099.7806
1100.5637
1093.6052
1086.192
1072.3196
1063.3427
1060.3108
1072.2905
1048.1617
1080.9164
1056.3984
1078.866
1048.7162
1077.1614
1057.3008
1060.9807
1046.0769
1045.5233
1041.7378
1035.2778
1055.2694
1033.667
1051.8899
1028.178
1049.5754
1023.2483
1044.3906
1026.6774
1024.3279
1010.5131
1014.1984
1015.1137
1007.0054
1026.6895
1011.77484
1037.9956
1019.91315
1052.8651
1025.0721
1044.9408
1032.2645
1030.2819
1014.1641
1008.60406
1008.7981
1001.9052
1020.1612
999.9773
1023.4816
1005.7716
1026.8468
1007.88275
1022.3921
1003.2257
1013.77905
1004.5919
995.7506
1004.6586
1001.04315
1011.2045
988.59753
1014.8019
995.4495
1021.23145
990.57715
1009.39325
989.6533
995.9666
989.1987
994.4364
1005.6287
993.0606
1006.5525
981.8377
1011.4878
985.7035
1014.0885
991.8937
1021.5325
1004.6952
1011.89716
1000.12445
997.5327
1000.52527
987.911
1010.8349
986.6077
1018.38007
1000.5122
1024.0206
1004.96027
1032.7062
1023.91364
1037.8539
1018.6669
1009.5229
1013.5184
1008.01416
1032.1387
1009.14343
1041.9058
1024.161
1058.4963
1031.6388
1047.092
1028.8832
1047.4467
1043.4207
1035.344
1029.2394
1016.5347
1028.0695
1005.4534
1032.2186
1013.8803
1047.2545
1027.4409
1044.861
1026.0924
1052.6259
1026.2174
1029.3972
1029.5793
1023.04156
1043.5629
1028.8903
1054.5927
1028.8649
1055.9349
1033.8873
1067.0664
1040.9492
1058.922
1041.5228
1047.0969
1048.5768
1037.1877
1060.239
1043.4973
1075.8182
1044.011
1076.7513
1038.0267
1076.1343
1041.8429
1068.7935
1042.0907
1040.2902
1040.7372
1031.4788
1046.9413
1027.4127
1054.2393
1035.5734
1072.2147
1034.3224
1059.263
1027.934
1041.5093
1028.1469
1033.5784
1034.335
1027.0447
1035.859
1018.1543
1040.8378
1023.9112
1048.8173
1030.672
1058.7736
1040.2874
1049.5988
1043.903
1039.7955
1037.4329
1030.7875
1046.3489
1025.7946
1045.5463
1023.7297
1057.1146
1030.3654
1065.6569
1050.6313
1073.3235
1043.5952
1053.5815
1045.5013
1033.6454
1050.5774
1029.9805
1052.3313
1027.9298
1060.3665
1038.977
1058.2289
1040.0826
1051.4568
1037.9537
1041.3524
1029.3469
1026.582
1044.8055
1024.2325
1059.5205
1028.2338
1063.7415
1030.7142
1060.9369
1029.5359
1060.1423
1030.7045
1047.832
1041.6777
1026.8625
1047.1025
1029.2559
1065.1228
1033.0378
1069.2148
1026.3569
1072.5571
1037.4742
1062.9526
1052.9332
1062.5675
1068.999
1046.0751
1068.6726
1037.9695
1084.794
1048.3538
1103.7487
1065.3593
1110.0726
1061.974
1090.5297
1063.1848
1062.3899
1062.3735
1057.9291
1086.418
1052.7963
1088.3271
1052.8274
1105.4512
1066.8691
1104.7468
1056.4155
1078.8682
1058.2545
1061.8245
1064.7465
1055.7108
1086.0114
1059.758
1099.7198
1060.1614
1092.4731
1064.7528
1102.0424
1084.274
1109.954
1085.8795
1091.438
1085.2638
1068.2389
1098.0496
1064.9966
1104.0919
1059.1357
1115.9242
1070.7345
1115.823
1077.3512
1109.1018
1068.4882
1069.0194
1069.4121
1050.519
1070.36
1046.6262
1081.9346
1049.0881
1098.1561
1053.6594
1099.0836
1061.6869
1096.3079
1089.0049
1082.6984
1098.1847
1068.1044
1104.6354
1063.7513
1110.6833
1082.9728
1112.8651
1089.0701
1104.8784
1091.9996
1105.0194
1081.6344
1089.2687
1089.3102
1071.21
1094.8441
1061.1504
1102.4658
1064.2252
1115.4811
1064.57
1097.6879
1069.5106
1096.9265
1071.3901
1059.7952
1067.8473
1049.5383
1075.4308
1046.2108
1083.5677
1041.9843
1089.7695
1047.4285
1087.739
1052.5151
1076.4431
1063.3218
1051.2563
1060.1261
1040.3291
1058.4053
1035.4795
1072.3256
1033.627
1071.7032
1046.9304
1083.4022
1061.5219
1074.3624
1080.177
1060.9608
1071.5953
1046.2458
1066.3438
1044.3523
1079.081
1055.3304
1082.5702
1062.5035
1084.9777
1050.1683
1060.7687
1054.879
1045.5804
1063.3025
1037.5526
1066.705
1034.1008
1069.7814
1045.0352
1072.0852
1045.5226
1079.3389
1047.1411
1053.3785
1045.721
1036.2358
1052.8854
1032.1709
1066.5643
1035.4763
1067.3682
1043.0892
1075.3235
1054.1863
1086.9861
1058.4606
1070.3248
1060.0708
1050.989
1064.1149
1040.1852
1061.0704
1029.4253
1066.8584
1030.4968
1061.837
1026.299
1059.8676
1055.0527
1065.3772
1064.0714
1063.2583
1089.4297
1068.8778
1113.6592
1066.0122
1108.5253
1066.7739
1123.1919
1090.7053
1134.512
1121.3275
1126.3303
1111.4031
1085.0323
1101.5646
1069.1947
1097.8868
1063.5009
1102.2141
1070.3407
1109.115
1067.8401
1102.0399
1091.7803
1091.9408
1109.3047
1091.5957
1112.177
1077.7186
1098.4783
1076.2267
1112.2496
1095.534
1110.3223
1102.1873
1103.3829
1093.0277
1080.7001
1074.2405
1051.3286
1071.6218
1021.27563
1081.9967
1018.1478
1076.0374
1033.9813
1076.662
1033.4077
1076.2944
1044.3469
1035.8792
1029.4648
1016.11285
1050.5616
1005.05884
1049.9585
991.2418
1048.6489
1002.1074
1063.4972
1028.361
1054.4054
1035.3849
1038.372
1027.4578
1011.4491
1026.85
994.4335
1047.2087
992.57367
1055.7278
1012.24023
1067.7567
1020.91156
1062.9172
1033.3635
1034.5023
1035.9177
1012.3855
1032.2623
997.67395
1042.7275
996.936
1052.579
1012.0354
1068.998
1032.5815
1073.5387
1061.0481
1072.1377
1077.4723
1058.9181
1068.497
1044.906
1094.099
1042.2872
1092.9971
1041.7505
1095.3455
1042.0742
1072.276
1052.0331
1059.3602
1056.5736
1029.4415
1049.9794
1015.3925
1048.4974
1004.33856
1057.5581
1022.97516
1070.6013
1029.2439
1064.7341
1034.0088
1031.9639
1044.6849
1039.9227
1052.286
1017.7058
1052.7788
1013.9962
1066.5731
1023.92865
1071.5751
1031.522
1054.8816
1031.957
1030.5743
1036.6621
1016.7578
1041.4487
1012.6694
1054.6926
1009.49
1063.2341
1020.883
1058.4218
1032.6425
1068.2827
1059.5839
1076.1135
1080.7892
1050.7467
1074.0032
1041.6699
1087.7502
1036.9598
1086.5146
1037.5485
1090.9209
1056.8878
1075.171
1065.363
1068.0021
1070.2047
1044.082
1082.6556
1031.9227
1081.7418
1022.9333
1078.0835
1042.0161
1067.9167
1059.0436
1069.8102
1090.8585
1066.9846
1111.146
1063.8804
1109.831
1061.3868
1123.1799
1072.6635
1131.2583
1079.9285
1135.4357
1098.8507
1140.6885
1113.7592
1139.605
1114.1853
1108.1104
1118.5463
1080.4822
1138.792
1078.8478
1143.7711
1095.4338
1140.8524
1092.791
1135.39
1111.455
1105.508
1122.495
1102.2172
1114.1237
1093.8995
1126.0187
1084.0773
1129.4492
1082.359
1130.0792
1087.442
1114.1903
1096.8754
1098.9435
1099.0817
1092.113
1105.9784
1082.3027
1110.8875
1083.7666
1117.6621
1094.1047
1125.5754
1099.2474
1125.2314
1110.6453
1118.624
1120.0758
1112.4906
1123.2184
1100.7776
1128.1409
1092.9022
1124.1736
1107.1984
1116.1211
1111.5223
1102.2598
1114.3942
1079.547
1099.9867
1071.8864
1099.273
1047.3962
1092.4385
1070.3615
1089.584
1089.992
1098.4326
1105.623
1105.831
1130.0165
1101.4755
1136.1124
1104.3824
1127.1553
1105.505
1138.39
1106.4896
1137.6481
1125.4171
1144.6722
1130.4738
1131.4824
1125.085
1106.3768
1125.6108
1088.1985
1118.7528
1082.4368
1123.617
1096.132
1113.9452
1102.5168
1093.9003
1105.5459
1085.8444
1112.8892
1075.5441
1132.2996
1088.5839
1114.8639
1092.55
1109.6085
1081.5481
1104.5953
1089.1158
1106.1971
1098.1831
1108.1177
1095.6879
1092.2277
1102.8053
1083.122
1105.3289
1086.8174
1113.3916
1076.8483
1112.2007
1085.6782
1109.0757
1104.6659
1113.0865
1115.0531
1098.6823
1131.6606
1091.0844
1131.1268
1097.3164
1129.8446
1104.7188
1121.8695
1108.1042
1102.6029
1123.8802
1103.855
1135.0449
1082.8505
1128.5088
1083.5823
1136.1271
1085.8898
1135.2991
1114.7926
1131.0338
1120.1921
1125.4146
1121.5719
1127.9812
1144.5515
1091.735
1120.9751
1077.0448
1137.1407
1092.3337
1137.25
1083.8652
1124.567
1081.9136
1117.5457
1092.5786
1098.0814
1110.1775
1078.7147
1107.2888
1074.0668
1118.2625
1067.814
1100.7587
1062.9744
1098.0449
1086.9854
1100.8167
1090.9054
1095.027
1091.6661
1095.1753
1117.6787
1072.8202
1108.3783
1078.2471
1107.3792
1074.1702
1091.6216
1076.3016
1095.3428
1076.4808
1093.9246
1104.2173
1068.645
1087.7773
1054.3859
1082.197
1045.4957
1068.1969
1046.2899
1064.546
1069.5037
1069.5354
1079.1942
1065.9105
1085.0505
1048.5571
1084.4719
1042.9647
1057.7463
1038.1301
1067.0067
1043.9077
1061.4888
1058.5704
1059.1106
1067.2443
1060.7609
1075.5107
1054.3318
1077.5796
1048.6857
1070.9403
1048.3503
1070.602
1042.0844
1065.3578
1062.0824
1066.3866
1060.6127
1062.3834
1068.9951
1055.9572
1091.5969
1047.6165
1088.4115
1044.0497
1068.0171
1046.5238
1070.0752
1057.7953
1075.0085
1079.801
1079.3452
1087.402
1072.6914
1086.1062
1061.2426
1080.0208
1052.0813
1069.7073
1051.6707
1073.3964
1070.8267
1075.0518
1084.4038
1078.0614
1091.942
1063.5695
1065.6792
1041.9155
1065.6469
1040.3391
1067.2058
1052.3013
1068.8994
1070.9901
1071.2113
1086.7708
1072.5675
1092.1998
1069.6096
1076.9003
1058.3313
1070.2377
1056.9946
1073.7029
1068.58
1079.1973
1076.614
1080.0818
1084.7394
1080.0074
1087.1663
1076.5521
1085.0206
1061.5846
1077.8594
1049.8087
1077.0356
1063.6405
1081.8228
1076.2637
1078.6525
1086.7432
1080.175
1086.2565
1063.735
1074.5342
1059.3702
1071.327
1049.4895
1061.0283
1050.9152
1054.6447
1061.631
1057.4851
1074.1206
1060.0947
1086.695
1064.0624
1075.8784
1048.3679
1064.2799
1045.421
1067.9009
1060.4158
1075.6948
1064.205
1077.9575
1060.6677
1071.2286
1077.6012
1081.6472
1099.348
1069.1461
1103.8595
1070.6862
1104.068
1091.786
1110.4131
1100.5985
1110.7667
1114.2334
1115.5509
1110.3228
1094.6923
1106.416
1103.3081
1131.7119
1120.1064
1125.2711
1112.3197
1127.8044
1108.0762
1127.4285
1109.6509
1122.2657
1112.4424
1105.9012
1108.6914
1103.0254
1114.4124
1115.8682
1118.7225
1107.8839
1132.7821
1119.9899
1145.3945
1127.6625
1145.631
1132.395
1152.026
1134.054
1118.136
1118.076
1103.5785
1120.902
1081.2288
1119.2965
1085.7477
1123.5002
1090.1998
1130.7303
1100.4666
1125.1528
1100.2332
1105.926
1101.3805
1083.5549
1110.7218
1080.9167
1123.9775
1088.5645
1135.5714
1100.0259
1143.2125
1108.3611
1133.9247
1108.1064
1096.8492
1107.6794
1087.067
1109.7555
1075.8601
1116.4929
1084.4674
1127.767
1094.994
1131.763
1103.2667
1123.0857
1107.899
1102.7535
1111.769
1089.3053
1106.1776
1077.7865
1110.8627
1085.7018
1117.0251
1095.0774
1116.946
1098.8127
1100.1849
1086.5771
1081.5679
1086.6101
1072.2437
1093.4233
1070.8453
1094.3016
1069.013
1101.176
1079.1526
1107.1211
1082.2102
1090.9264
1090.7794
1083.3262
1085.5198
1062.628
1080.2377
1055.7103
1076.703
1063.6886
1071.1752
1063.2954
1063.1901
1056.72
1045.136
1029.2576
1021.7393
1026.9231
1024.2722
1036.2759
1029.7151
1042.7957
1035.7172
1049.44
1031.3881
1044.4603
1035.4338
1030.0188
1017.5919
1013.0831
1014.1747
1009.1937
1023.11346
1015.9956
1032.4158
1022.36865
1039.3705
1029.2744
1044.8813
1032.4291
1031.0673
1017.7911
1020.22455
1012.5833
1012.64185
1020.723
1012.4244
1034.2692
1008.7642
1028.3369
995.8748
1012.79425
984.737
1012.60516
978.0819
984.7703
968.39343
975.10376
979.1188
969.3275
990.2761
970.96027
1003.476
974.5228
1011.6418
983.17505
1004.3317
971.6962
986.2001
982.5234
989.8734
996.9099
984.5837
996.7202
972.7557
996.8772
980.56226
1002.7392
989.3312
1013.7438
993.1472
999.0626
982.2914
978.02966
981.2742
958.26965
978.90765
953.5733
976.79236
946.2537
974.96844
949.1898
977.1168
956.2173
949.2445
944.939
940.6002
953.58826
939.68353
967.6189
945.04364
978.51465
945.51227
977.18976
948.4489
971.81433
948.9148
948.5955
943.8662
948.84875
952.37427
933.0117
948.821
923.06757
949.9084
925.07104
951.70605
938.22644
949.8367
938.66156
952.46686
942.79626
934.54095
936.8391
921.91547
939.2704
926.3889
945.0697
930.4967
943.24634
934.9793
948.5297
935.4678
934.7587
941.4492
931.7884
939.97784
920.2834
949.47864
922.9598
954.1595
923.7872
945.16565
912.4261
937.8965
926.3737
930.68384
942.44305
939.1523
956.4021
934.9207
963.0533
941.32153
966.06104
939.73065
979.8611
940.8636
977.5529
959.2022
968.1383
970.52515
968.80585
972.5651
956.6384
974.2049
959.9608
986.94385
950.9347
980.10815
954.1433
981.1943
953.8431
967.4656
960.9891
962.34125
967.989
957.44037
977.78204
946.7432
983.5168
943.09576
970.77405
934.1313
963.3228
931.0076
940.76355
940.3232
926.00653
931.7631
922.6266
939.80615
919.0581
943.50073
921.07947
942.016
919.62256
924.3735
908.19305
912.75775
907.9785
903.00385
918.101
910.0659
932.714
910.3355
930.5361
914.8519
941.85876
918.95764
936.2273
928.1116
926.07367
926.0042
920.8449
924.39557
908.7874
923.9531
905.7266
926.3627
909.1736
934.014
918.309
926.7865
913.81134
925.94135
930.92145
919.4091
927.1984
908.3615
927.9045
903.19934
931.8667
906.53894
927.4171
902.34296
908.5229
890.3816
904.1454
902.15607
896.0738
905.1358
889.41254
905.6222
885.21704
906.0259
887.21783
913.9683
890.2623
903.7842
896.01495
904.8904
906.13116
904.7586
922.2724
910.7589
935.79956
910.9758
938.4708
914.9717
946.7717
920.0485
928.60077
907.64777
922.28894
930.9758
916.9926
934.50653
914.14026
935.83203
909.78467
942.78906
919.7498
952.62866
920.0756
943.6916
930.4638
929.2286
929.5865
925.7312
944.1637
925.0524
947.2829
925.202
953.71796
920.682
942.8855
920.47284
949.6732
936.1371
933.0796
940.0017
934.7235
943.95886
921.33527
948.27386
926.4578
953.5612
926.1199
955.5314
923.0144
947.002
921.0647
931.3535
939.5634
930.277
934.8902
921.0663
942.9753
919.72217
950.9633
920.72186
946.43805
923.1947
954.807
940.2862
948.20935
937.01715
938.45465
960.83386
944.06506
978.3581
941.0461
986.29224
952.6584
992.6987
973.01624
992.73425
960.91394
973.59906
967.68396
961.1355
979.85736
963.27136
998.60876
970.4876
1009.586
980.8599
1022.3208
1001.7863
1015.4025
994.68164
1009.9045
1000.83496
986.2578
1006.3017
983.63257
1015.24927
985.32245
1024.2058
985.16736
1021.3061
987.54755
1012.27783
985.26013
985.3476
984.8479
971.2593
980.1293
967.1897
989.9774
971.2219
999.4753
975.37085
1007.03394
978.69794
1009.51044
968.5583
976.8984
957.265
953.18896
961.5199
948.15533
968.0681
950.3728
976.9673
951.6552
977.82
955.5442
980.12115
956.1781
969.62787
959.1619
958.555
966.1914
950.50385
974.78064
950.23975
981.37915
953.41235
988.0412
957.53723
980.9779
955.2664
967.7929
956.14307
951.9956
960.3624
946.86646
965.92224
940.2391
971.6037
941.40106
977.34125
945.50616
977.7385
945.8649
956.9464
933.4675
936.17773
929.13477
926.8386
935.7527
923.4294
944.8911
922.1366
953.8623
918.39215
941.27673
911.37256
916.66437
903.7295
904.1965
912.7117
903.80273
