1002
6146
3600
6472
12375
5537
6184
2958
3767
1358
1679
996
1079
874
942
821
834
789
688
766
635
695
581
644
554
590
558
562
543
507
459
447
451
418
426
411
412
416
417
428
426
421
377
331
312
309
317
318
337
337
358
358
374
368
362
340
318
305
300
310
309
327
326
344
343
356
353
351
329
306
292
286
294
292
308
306
323
319
330
325
326
315
300
296
291
299
297
312
310
323
320
331
327
328
317
309
306
301
308
306
318
315
327
324
333
330
332
327
324
324
323
330
329
339
336
346
343
350
348
348
335
320
313
308
314
313
324
323
335
334
342
340
341
329
311
306
302
308
308
319
319
330
330
338
336
335
322
306
301
298
305
304
315
315
326
326
333
333
333
318
306
300
298
305
305
315
314
325
325
333
332
332
318
301
297
295
301
301
311
311
320
320
328
327
328
316
305
301
300
306
306
315
315
324
324
331
330
331
320
305
301
299
305
305
313
312
319
318
325
323
322
317
312
309
307
311
310
317
316
323
322
327
326
325
319
312
311
308
313
311
318
317
324
323
328
326
326
321
317
316
314
317
316
322
320
326
324
328
326
326
323
321
320
318
322
320
326
323
329
327
331
328
329
326
323
323
322
325
323
328
326
332
329
333
331
332
328
325
325
323
326
324
330
328
333
332
336
333
334
330
327
326
324
327
326
332
330
336
334
338
336
337
333
329
328
326
329
327
332
331
336
334
338
336
337
334
332
332
330
333
331
336
333
338
336
339
337
338
336
335
334
333
336
334
339
336
341
339
342
340
342
340
338
338
337
339
338
342
340
345
343
346
344
345
341
339
339
337
340
338
343
341
346
345
349
347
348
344
342
341
339
342
340
345
343
348
346
349
347
348
345
342
341
339
342
340
345
343
348
346
350
348
349
346
344
344
342
345
343
347
345
349
347
351
350
351
348
347
347
344
347
345
349
347
350
350
353
347
345
339
333
334
332
334
332
335
333
338
335
338
336
337
336
334
333
332
334
332
336
334
337
335
338
336
337
334
333
333
331
333
332
336
334
338
336
339
337
338
336
336
336
335
337
335
339
336
341
339
342
339
341
339
336
335
333
335
333
337
336
340
338
342
340
340
337
336
335
334
336
334
338
336
339
337
340
338
339
338
337
336
335
338
335
339
336
340
338
340
338
339
337
336
336
335
337
336
338
337
340
338
341
339
339
336
337
332
332
334
334
339
338
344
344
347
347
348
341
330
328
327
330
329
334
332
337
335
340
338
339
336
326
326
324
328
326
330
329
333
331
334
333
334
327
326
325
324
326
325
330
328
332
331
336
335
335
329
322
318
317
320
320
325
325
331
331
335
335
336
330
321
317
317
320
320
325
325
330
330
334
334
336
331
321
317
316
319
319
324
324
329
329
334
334
335
330
320
317
317
320
320
324
324
329
329
334
334
335
330
320
315
315
318
318
322
322
327
327
331
331
332
327
318
314
314
317
317
322
322
326
326
330
330
332
326
317
312
312
315
315
319
319
324
324
328
328
329
324
315
312
312
314
314
319
319
323
323
327
326
326
321
316
314
313
315
314
319
318
322
321
324
322
323
321
319
318
317
319
318
321
320
323
322
324
323
324
322
314
314
313
314
313
316
315
318
317
319
318
318
316
315
314
313
315
314
317
315
319
317
320
319
319
318
316
316
315
316
315
318
317
320
318
321
320
321
320
313
313
311
313
312
314
313
315
314
316
315
315
314
312
312
311
312
311
314
313
316
314
317
315
316
314
313
314
312
314
313
315
314
316
315
317
316
316
315
315
315
314
315
314
317
315
318
316
318
317
318
317
316
316
314
316
315
317
316
319
317
319
318
319
317
317
317
316
318
316
319
317
320
318
320
319
320
318
318
318
317
319
317
320
318
321
320
322
320
321
319
317
317
316
317
316
319
318
321
319
322
321
321
320
319
319
318
320
318
321
319
322
320
322
321
321
320
320
320
319
321
319
322
320
323
321
323
322
323
322
321
321
321
322
321
323
322
324
322
324
323
324
323
322
322
321
323
321
324
322
325
323
326
324
325
324
324
323
322
324
323
325
323
327
325
327
326
327
326
325
325
324
325
324
327
325
328
326
329
327
328
326
325
325
323
325
323
326
325
327
326
328
326
327
326
326
325
324
326
324
327
325
328
326
328
327
328
326
325
325
324
325
324
327
325
329
327
329
328
329
327
326
326
325
326
325
328
326
330
328
331
329
330
327
326
325
323
324
324
327
326
330
329
332
331
331
328
325
323
321
323
323
325
325
328
327
330
328
329
327
325
323
322
323
322
326
325
328
327
330
329
330
327
325
323
322
323
323
326
325
328
327
330
329
329
327
324
322
321
323
322
325
325
328
327
330
329
330
327
324
323
321
323
322
325
324
328
327
330
328
329
327
324
322
321
322
322
325
324
328
327
330
329
329
327
323
321
320
322
321
324
324
327
327
330
329
330
326
323
321
320
322
321
324
323
327
326
329
328
329
326
320
317
315
317
316
320
319
322
322
324
324
324
322
319
318
316
318
317
320
319
322
322
324
323
323
322
319
317
317
318
317
320
319
322
322
324
323
324
321
319
317
316
318
317
320
319
322
322
324
323
323
322
319
317
316
318
317
320
319
322
321
324
323
323
322
319
318
317
318
317
320
319
322
321
324
323
323
321
319
318
317
318
317
320
319
322
321
324
323
324
322
319
318
317
318
318
320
320
323
322
324
323
323
322
319
318
317
318
318
320
320
323
322
324
323
324
322
320
318
317
318
318
321
320
323
322
325
324
325
323
320
319
317
319
318
321
320
323
322
324
324
324
322
319
318
317
319
318
321
320
323
322
325
324
324
322
320
319
317
319
318
321
320
323
322
325
324
324
323
320
318
318
319
318
321
320
323
322
325
324
325
323
320
319
318
319
319
321
320
323
322
325
324
325
323
321
319
318
320
319
321
321
323
323
325
324
325
323
320
318
317
318
318
320
320
323
323
325
324
325
323
319
317
315
317
316
319
319
322
321
324
323
324
321
318
315
314
316
315
318
318
321
321
324
323
324
322
318
316
315
316
316
319
319
322
322
324
324
324
322
318
315
314
316
315
318
318
321
321
324
323
324
322
318
315
314
316
315
318
318
322
321
324
323
324
321
317
315
314
315
315
318
318
321
321
322
321
322
320
316
313
312
313
313
316
316
319
319
322
322
322
319
315
312
311
312
312
315
315
318
318
321
320
320
317
314
312
310
311
311
314
314
317
316
319
318
318
316
313
311
309
310
310
313
313
316
316
318
318
318
315
311
309
307
309
308
311
311
314
313
316
315
316
313
310
309
308
310
309
311
311
314
313
316
315
316
314
311
308
307
308
308
311
310
313
313
315
315
315
313
310
309
308
309
308
310
309
311
310
312
311
312
311
310
309
308
309
308
310
309
312
311
313
312
312
311
309
308
307
309
308
310
309
312
311
313
312
313
311
309
308
307
309
308
310
309
312
311
313
313
313
312
310
309
308
309
308
310
310
312
311
313
313
313
312
310
309
308
309
308
310
310
312
311
313
313
314
312
310
309
308
309
309
311
310
313
312
314
313
314
312
310
309
308
309
308
311
310
313
312
314
313
314
312
310
308
307
308
308
310
310
312
312
314
313
314
312
310
308
307
309
308
310
310
312
312
314
313
314
313
310
308
307
309
308
310
310
312
311
313
313
314
312
310
308
307
308
308
310
310
312
311
314
313
314
312
310
308
307
308
308
310
309
312
311
313
312
313
312
310
309
308
309
308
310
309
312
312
313
313
313
312
310
309
309
310
310
312
311
313
312
313
313
313
312
312
312
311
312
311
313
312
314
313
314
314
314
313
312
309
308
309
308
310
309
312
311
312
312
312
311
306
306
305
306
305
307
306
308
308
309
308
309
308
307
307
306
307
306
308
307
309
308
309
308
309
308
308
307
307
307
307
308
307
309
308
310
309
309
309
308
308
307
309
308
310
309
311
310
312
311
311
310
310
310
309
310
309
311
309
311
310
312
311
311
310
310
310
309
310
309
311
310
313
312
314
313
314
312
308
307
306
307
306
308
307
311
310
311
311
311
310
308
307
306
307
306
308
308
310
309
311
310
310
309
309
309
308
309
308
310
308
310
309
311
310
311
310
310
310
309
310
309
311
309
312
311
312
311
312
311
310
309
308
309
308
310
309
311
310
312
311
312
309
309
309
308
310
309
311
310
312
312
313
312
313
312
311
308
307
308
308
310
308
312
310
312
311
312
311
310
309
309
309
309
311
310
312
312
313
313
313
311
310
309
309
309
308
311
310
312
311
313
312
312
311
311
307
306
307
307
309
308
310
309
311
310
310
309
306
305
303
305
305
307
307
309
309
311
310
311
309
308
308
307
308
307
310
309
311
310
312
311
311
310
309
306
305
306
306
308
307
310
309
310
310
310
309
303
303
302
304
303
305
304
306
306
308
308
308
306
305
305
304
305
304
305
304
306
306
308
307
307
306
304
304
302
304
303
305
304
307
306
308
307
308
307
305
304
303
304
303
305
305
307
306
308
307
308
307
305
305
304
305
304
306
306
308
307
309
308
309
308
306
306
304
306
305
307
306
308
308
309
309
309
308
307
306
305
306
305
307
306
309
308
310
309
310
308
307
305
303
304
303
306
305
307
307
308
308
308
307
306
305
304
305
305
307
306
308
307
309
308
309
308
307
307
306
306
306
308
307
309
308
310
309
310
309
308
307
306
307
306
308
307
310
309
311
310
310
309
308
307
306
307
306
308
308
310
309
311
310
310
309
308
307
306
307
306
308
307
310
309
311
310
310
309
308
307
306
307
306
308
308
310
310
312
311
311
310
308
307
306
307
306
309
308
311
311
313
313
313
311
309
307
305
306
306
309
308
311
311
314
314
315
313
309
305
304
305
304
307
306
309
309
311
310
311
309
307
305
304
305
305
307
307
309
309
311
311
311
310
308
306
305
306
305
308
307
310
309
312
311
312
310
307
304
303
304
304
306
306
309
308
310
310
310
309
307
306
305
306
305
307
307
309
309
311
310
311
309
308
307
306
307
306
309
308
311
311
313
312
313
312
311
310
309
310
309
311
310
312
311
313
312
313
312
311
310
309
310
309
311
310
313
312
313
313
313
312
311
311
310
310
309
311
310
313
312
313
312
313
312
311
311
310
311
310
311
311
313
312
314
312
313
312
311
311
310
311
310
312
311
313
312
314
313
313
312
312
311
311
312
310
312
311
313
312
314
313
314
313
312
312
311
312
311
313
312
314
313
315
314
314
313
313
312
312
312
312
313
312
315
314
316
315
315
314
314
313
312
313
312
314
314
316
315
317
316
317
315
314
312
311
312
311
313
313
315
315
317
316
317
315
313
311
310
311
310
313
312
315
314
317
316
317
315
313
312
311
312
311
313
313
315
315
317
316
317
315
312
310
308
309
309
312
311
314
314
317
317
318
316
312
308
307
308
308
310
310
313
313
316
315
316
315
310
307
305
307
306
309
309
312
312
314
314
315
314
310
307
306
307
307
309
309
312
312
314
314
314
312
309
306
304
305
305
307
307
310
310
312
312
312
311
310
309
308
308
308
309
309
311
310
311
310
311
310
310
309
309
309
309
310
309
311
310
312
311
312
311
310
309
308
309
308
310
309
311
310
312
311
311
310
310
309
308
308
308
310
309
311
310
312
311
312
311
310
309
309
309
308
310
310
312
311
313
313
314
312
308
304
303
304
304
307
306
309
309
312
312
313
312
307
303
302
304
303
306
306
309
308
311
311
312
310
307
303
302
304
303
306
306
308
308
311
310
312
310
307
302
301
303
302
305
304
307
307
309
309
310
309
304
301
300
301
301
303
303
306
306
308
308
309
308
304
301
300
302
301
304
303
306
306
308
308
309
308
304
300
299
300
300
302
302
305
305
307
307
308
307
303
300
299
300
300
302
302
304
304
306
306
307
305
303
300
299
300
300
302
302
304
304
306
306
307
306
303
300
299
300
300
302
302
304
304
306
306
307
306
303
300
299
300
300
302
301
304
303
305
305
306
305
302
299
298
299
299
301
301
303
303
305
305
305
304
302
299
298
299
299
301
300
303
302
304
304
304
304
301
300
299
300
299
301
300
302
302
304
303
304
303
302
300
300
300
300
301
301
303
302
303
303
303
302
302
301
300
301
300
301
301
303
302
303
303
303
302
302
301
300
301
301
302
301
303
303
304
303
304
303
303
302
301
302
301
303
302
304
303
305
304
304
303
303
303
302
303
302
303
303
304
304
305
304
305
304
304
303
302
303
302
304
303
305
304
306
305
306
305
304
303
303
303
303
304
303
305
304
306
305
306
305
305
304
303
304
303
305
304
306
305
307
306
306
305
305
304
304
304
303
305
304
306
305
307
306
307
306
305
305
304
305
304
305
305
306
306
307
306
307
306
306
305
304
305
304
306
305
307
306
308
307
308
307
306
306
305
305
304
306
305
307
306
308
307
308
307
307
306
305
306
305
306
306
308
307
309
308
309
308
307
306
305
306
305
307
306
308
307
309
308
309
308
307
307
306
307
306
308
307
309
308
310
309
310
309
308
307
306
307
306
308
307
309
308
310
310
310
309
308
307
306
307
306
308
308
311
311
313
313
314
312
308
305
304
304
304
307
307
309
309
312
312
313
312
308
304
303
305
305
307
307
310
310
312
312
313
312
308
304
302
303
303
305
305
308
308
310
310
312
310
306
303
302
303
303
306
306
308
308
311
310
312
311
308
304
303
303
303
306
306
308
308
311
311
312
310
306
302
301
302
301
303
