nan
1768.3999924001998
1257.1532126242814
1338.0309999755946
1003.1132185990867
1327.2475120720317
914.1787812259656
1346.7172974199268
925.3246959459742
1609.3364207213745
954.2283501430587
1022.2242916187188
1004.6129527947093
1014.3038840167762
1088.9606103039987
994.5447614803951
1073.851240762007
968.1808637392963
1370.9533808763958
951.6236723859329
1356.6328739066594
950.5398958182644
1304.439656259546
960.9157684487227
1062.9773759805619
980.6555138334587
1026.8313418897528
1006.9496951117718
986.9019440984218
1965.3673465679842
956.8051883594069
1857.277851472372
940.0814842253823
1214.0784666751708
935.1824385728754
1097.121128042117
938.9068229360902
1016.8795543753503
946.200956286869
973.2061555924273
956.6384295808607
950.5582956961559
957.2429638851708
933.4887246102861
951.3670613625252
926.319347186096
954.8362923154559
925.7158138299958
951.7430719706
927.9010761256247
947.6472537982489
930.4958121005031
939.318346623673
929.9567502684133
931.8007033476417
917.3682507972418
925.2794731008032
892.8731488215368
920.3762185640006
887.7108369957001
920.7652456484745
907.0604379053541
921.6330031139761
921.8009864192048
922.1107114011235
925.3184562726645
919.4515353352534
922.9354096147972
906.2634804828475
917.1226550596367
882.7303268184921
915.0197395187013
870.318406949685
915.3371409513312
887.5636319226754
916.0929182561368
905.8395669174581
915.7066258187376
915.3551118826667
911.4407244189482
917.0010960270446
900.3232619300928
916.7344198068329
880.5536732641528
914.9829344401531
872.9937378993476
915.5103004677931
889.1359260600711
915.926569485413
906.287005130703
914.7635365670974
915.2952858623021
910.5849689749828
918.5103666851797
898.8329494757452
916.9535690905393
883.3531340814106
915.186224568952
876.1593706113549
915.2137997822888
889.0621053615735
915.3532178627325
904.6007342653007
914.0688825094732
914.0521429674267
909.2042780634946
916.693968527979
898.6904447842879
916.6675018995657
886.3614534883418
915.8688849730308
885.023710201312
916.1486985140701
894.9789209402438
916.0782599531353
907.1000839870715
914.838530682362
914.6880413712865
910.4714345234441
915.7838714136134
899.8254686490807
912.6660237930499
884.2302810220931
911.0536042937672
878.6556349338304
911.0270400613381
890.3758776292786
910.7210926957464
902.8013074627603
909.4328886386241
909.3404126977442
905.3178158144036
911.6203388018248
896.2129309607371
911.6086719723673
881.2177217774034
902.4377505942635
877.3168687152513
898.1187645117511
888.0936445540337
899.0018975261141
900.649880726041
909.0789911812832
907.7046665444878
903.7779483717284
910.6175346602704
893.7489675688659
901.9213793029116
882.3359165544433
886.3227120463846
877.328606541812
892.6268025707035
887.1294445276047
895.0737601316937
899.1349224462724
908.1168382618471
907.0807593417541
904.0899008153361
906.1192978201673
893.5984738652053
885.2867168681136
881.3136320609759
876.4658132040138
877.4586339950235
866.6909560536158
885.9943600962555
862.2382095849065
897.0418255792697
869.5256285458897
888.939247609015
868.4954518485464
880.9268204880551
889.5616579548007
854.1651145162699
884.4775009454961
842.3643818493911
881.6983797491301
838.6870406898771
889.0421165482909
841.0907198555366
898.8169186263623
855.075347406493
869.2212545769403
867.2365898462531
861.5219275820006
895.4714608641523
849.3338982872818
887.4953855515572
834.0876655006806
885.3884943702112
828.7326951467442
888.8300821870603
831.041589445172
868.1093072763167
836.1525601276406
853.0177334447999
842.0176734027757
835.7521632320044
852.4833874456704
827.8298674144281
871.4694751960408
820.3711294831201
876.6782000173835
816.6288141654313
851.7371468910403
818.3014984874748
850.8138273752891
823.5203137427817
842.3112435277362
829.1883491515777
831.802188232902
844.0682826509308
821.3384786836901
866.0604234693072
814.3371389610576
864.5461438947283
806.0308644386619
857.6121610959816
815.3095760487797
846.3564295092002
819.8068702849058
837.8743916168793
832.7433328278659
824.2744080401053
843.727601436923
816.3062957421643
856.1207507084316
811.2880176277708
862.7846300102486
808.8803835094864
841.163358273063
808.9923293357837
835.9087329858976
818.3024263998395
836.9908746064829
831.8986051730293
832.8073460951654
844.6681392151017
825.5407274968866
850.5213257153345
815.1944026435104
853.3437706769528
816.4674614022148
853.6864973809185
824.833803229942
852.0197421205743
833.8731583117461
846.2577818024935
846.1207425394038
839.3206889510478
852.1221946778535
826.8560306537231
881.599241201105
821.2459997139181
878.1979710029541
816.6169662906638
873.4554342049025
818.4930775968804
855.6863800326497
824.0827603562348
849.5337789912303
837.3110357058488
838.315689172592
849.1154116403579
829.3629465426594
863.7172214466233
822.034434165845
874.6626544216559
824.6193914133808
869.442794385042
829.7994410061392
861.7013785571253
835.2266758949517
847.1259675050491
841.9449506925821
833.532079716921
849.1096436109865
828.3215263474978
887.9754425668484
829.6394983608808
883.6125366909278
829.6714883509866
874.7851597731909
835.4455176958514
867.7145888766237
835.337653964849
846.0137605786623
847.012205980302
838.0629389265388
864.6360968990782
835.4412552960292
866.0560252842573
828.2140284390425
876.5274122471359
833.1098753498366
881.6142150601805
836.0265708289796
883.5371364767137
839.1385692754968
865.4110520342057
863.1599776389442
847.0068817133167
870.1698852127834
836.9833474371428
880.7838258675583
835.7811621978806
884.0072249026219
833.1022533042153
892.2694321455056
833.0588300515544
882.2064124971664
857.6155795383788
876.665737632033
865.6661825021347
843.7029892088282
864.7808267487976
837.6248047981396
875.359016958168
837.5132345747094
885.0786831822011
835.414920350366
892.5459805870747
849.5512437240146
885.7296727954631
856.96924086792
859.6983771979279
862.1762899609079
848.0975022228204
862.9580261822473
840.286800157915
876.9659496913958
837.6109143141275
885.5797179443475
838.5190971342125
885.2744670948312
837.739827637749
882.2041477931207
843.5053556121301
861.4795451398658
857.3517766058538
849.7092340895874
877.7991007674066
838.5810973234616
888.7463537610271
841.8450727454427
890.0816352768647
838.5551865838744
890.0372827632367
844.6228822211832
886.3504543781605
852.8725046688486
865.1654279526871
865.8746199246085
855.1563099278577
882.8231209659155
844.8167856396287
889.0655860998851
838.1099961139499
889.5748492694221
838.8428946656885
889.7936437027834
845.4133287034285
890.1271595635342
863.1772343102048
862.8366259769512
868.3733587545779
847.91669081802
875.7561571987394
838.1015521568509
886.7830135090712
836.8899212565216
885.1443563981231
845.3695883452269
885.5455175199346
864.5938694962617
882.247453768953
870.2619432579816
885.6159085016686
867.9588519550831
886.0364280250634
875.3969396551863
845.8061135826872
885.3692884081379
849.8448524111138
889.0547432331621
858.8233869803657
889.5487174322477
866.6922326705761
888.7568336444665
869.4660074112328
883.3915946652314
869.4706203559333
881.0382481486796
871.4205930550896
844.9997949492301
879.9210776040471
848.3927246194991
880.8459226706377
864.1114654107536
886.4340722370978
865.0238329860827
885.9952461831703
868.9314368043723
884.641660605167
867.4040527818483
881.1157143432596
868.2026606113141
843.2821626837365
884.8274517922774
863.462667353551
883.5329196360701
860.7863800388574
881.1624927152311
865.7575884363283
885.1836411073572
870.471823429427
881.8078385222552
866.9604726643397
843.7642340651812
862.8201883782666
838.4990242974299
863.799562008315
849.4792327257354
870.2954518839308
845.7454954287354
869.0009589081496
861.5098097946254
871.2578648610287
864.5340558300211
872.2471290116962
861.3386327014756
863.3663485404394
858.0138851398211
845.6285285647152
863.0559706490468
852.7743622776621
868.8738646947045
860.2234631247729
870.965351356496
865.3380872903308
868.8753099092667
863.7774322968907
871.9939060951989
863.9809397356676
873.1306756767428
861.2398912408844
866.0977020236005
860.1837559333164
859.7029269863718
861.2725201300311
867.6071893108393
866.1003855704935
868.266905893701
869.2513463371483
866.4631650724285
873.7079413023888
864.8490747061118
874.6834297882084
863.4192398271252
872.271221706586
862.705546591523
866.9546920402393
866.975279236361
867.2729074274444
870.5848456858862
867.7839525429209
872.4673707293055
864.7472891221001
876.0730949168566
862.8618728160033
877.2991074367588
869.1000804326752
872.8605712981854
872.927199955919
864.0312760560264
876.5059340854665
858.9774314264461
874.6883789258184
868.0829692775285
873.0558629692852
866.6964000784586
874.264887491569
865.2123368645456
875.4362621124562
864.883962340142
863.2691539858881
863.9238311564351
864.0221256973564
873.1409716385144
865.4398489751594
874.6038071882845
866.5714005064201
869.6341388535194
867.5647816564266
872.6059737199562
863.7577930752802
861.6597614517315
860.6462441426914
852.3175138487438
859.7980419795807
850.2928915218682
860.1936275827254
854.141817742285
872.411759894633
854.7600421109127
871.1548532062561
861.4127891512096
874.2098480756181
864.2129643694873
857.3563576944115
862.8034207733558
852.1322772291394
867.6579429578475
849.5212769521495
875.7577772890753
851.9320977274606
880.3222387728433
853.9507884785081
879.5960264653386
858.5046837821415
858.0059472249789
860.6278561817008
849.0700541057845
864.7469291145384
847.5731898223789
864.3676269713653
840.3811761735365
871.0189803094037
839.454360211552
862.2521852115832
839.0326454027879
849.1879074481224
844.7205854799232
847.0268880994366
850.5527470522989
842.1816596198678
853.433752874205
839.5068786766623
856.260217947927
837.7578343112405
858.1325106713484
836.2317665098345
857.509826778588
840.453314042596
852.9803968257256
846.3333605811306
842.8351622871485
848.4971445314427
836.3103668999565
852.3517832412322
833.1198049732191
868.2451944085512
830.6374925711806
877.8738059353897
834.530062145042
859.8263077563887
839.0090122709116
860.6205885749681
843.7696134874384
849.4271513817752
848.1499752965333
842.1154725759504
861.2962489077343
836.1626662492054
867.5461239856111
834.7087505315623
871.6074325247705
835.6549374140025
869.748141583537
841.3029143320996
859.5644996904525
846.075375444772
849.7253551694262
850.3924918847848
843.5108117822655
853.2811695224234
837.5686788141124
854.9948161360828
832.6295935693778
861.6441283798223
834.680030787891
856.3978047083056
834.218369746367
848.7160261357051
840.7892938026283
846.2089695027579
850.6779818390669
844.6595425881483
855.4033535707127
842.2321778762704
856.1443457725236
838.5558547290476
855.9709738906671
841.5630481115073
854.2280717397405
842.0566150257198
852.3477790655716
845.8683803285619
850.3355247415711
848.7640186720816
846.5576389120193
851.2975211817612
841.7933170617019
852.9146357846059
838.9179730902046
852.3295371679832
838.1578941211084
851.0481916454454
839.6071969165324
849.1049005793157
842.6272070330674
849.2479427936589
848.9040045379608
846.8523789054453
852.2699176380974
841.7426108840275
851.8492953368606
837.8577890758348
850.9816164086754
836.1792051372256
850.5357026429961
839.2249732067269
850.2700955916694
843.4532507521003
848.9260195556587
847.5848931949604
843.3089359614157
849.2940112375611
838.9933350084488
850.8252044513337
836.0303734333297
850.141735818008
836.9836296710189
851.0430331542219
838.0772471538074
846.1421369014581
839.0747124191356
841.9991468644076
841.424908603442
839.1200613716965
845.0638955099248
834.9775518511524
845.5131716888385
833.8642839930034
847.9176031250706
834.1662273463596
845.9648757926716
833.5380878434213
842.2496279053993
834.0292410225637
838.0108131046189
837.9648193835438
835.3452067515989
837.6483533644711
829.2700647421083
839.4180059684542
826.4705206251105
839.1302673933898
824.769844916282
837.2679869965567
825.252149456361
835.3565355979048
828.3841594325629
831.6913893729665
830.6892748651183
830.8923680484123
835.1240377744466
828.1399815428904
838.0090626672628
826.2597059397879
838.1438908326965
823.8508412100877
834.2414038025511
822.9372797010506
832.9183452228265
824.0653886252161
830.9597316432719
828.750036594765
829.4595282311101
829.8908372332799
826.5319164052403
831.579789151066
822.254721285581
830.2024655188831
819.7684045877714
829.9762206027626
820.1210659964602
831.62940033943
821.8722478377546
831.9696117067301
825.8502374680185
826.8146713066054
825.3896231032962
821.1702552916184
830.543722765491
819.8616586587445
830.972327879872
814.913131293909
825.9183609833033
813.8767041523687
825.8412744839902
815.8366239218944
823.9336130334906
819.0305657837328
824.4089882534339
825.3075222504539
819.9171185245244
826.4928555547054
814.4131033306164
830.1132366566943
818.049187288834
833.6311280165739
819.7784513565938
828.0234295349687
819.1028121447506
825.4138978548636
824.1302829366808
821.4803359900724
824.5420169673796
820.9215911275309
827.706303983626
817.5768901059312
832.2856657759515
817.6801499397964
828.5400201170024
815.9110336089669
827.3171862046181
816.1065014172833
826.2810711585521
819.1712755198915
824.1401780055539
823.0251500643055
822.7441036458031
821.4712197944714
818.8959543278254
823.7400205728335
817.2377676657227
828.947219404856
815.8366161460273
830.2230792625435
817.7903248322298
830.0760666403137
819.7752420415453
826.976193165042
820.8137342851508
822.8607023147513
821.0513056456832
815.4593607413975
826.3896019072822
814.8832035276097
827.7526056306601
813.8557572532573
828.1735374688569
814.3857433926005
828.2162839370354
817.7762922762876
826.9418892134263
823.0607763969895
820.1651510009218
824.4626688189563
816.4314263439157
825.3987802431329
814.0719641569372
827.4484934982049
816.2701081320523
824.7504881353625
817.149688355425
823.341329896201
819.7311930429539
823.7401448448595
826.4139221658162
822.060345469054
830.3333934602427
821.142367413484
829.8015559640202
819.2910638577366
830.1012837294423
817.1317540599437
830.5751065174295
819.8438176002828
832.6068610237832
825.4690094492274
832.4523864508595
829.0526591523732
832.2870784271176
832.2235599179444
827.0113065357683
833.6954341476186
826.3373384915099
835.125756195093
825.7846601397267
839.003284996099
829.5447515844753
839.3556272982271
833.2703110258293
838.4983726003808
836.9787078470004
836.3846963094813
839.6730136142232
833.1303535041976
838.4409651639685
830.3254092812765
838.9094415073083
829.2235672546205
840.7644513708921
832.2385018606481
837.9197088908952
835.5241518026907
838.2525664860964
839.8754039491253
837.0952503425311
839.3634119089307
833.7680085238773
842.2198510453684
830.5363196878444
839.5908203753813
829.277892256534
838.3361577486469
829.3780366315646
835.4915945571232
829.3978605793058
832.6118481820774
833.4367475485675
828.3437549726423
833.9889010022322
826.6697424895851
835.12943820978
824.604693894498
835.2303477590272
825.0481296351131
838.3769627068318
826.2146232216193
838.0842980294775
831.5263525973073
835.524078923023
837.7526158199207
830.8601491736061
841.1379865126991
829.0609471980817
838.7651100395973
828.2366202742802
841.4626514890533
830.9476386488161
840.6394505667503
831.6244980336668
839.1896927313787
838.0688781624723
836.0199850373854
841.4873813721559
832.8211924221375
842.2645148491382
830.9709920350573
842.5836759461346
828.5136749374808
843.3346354722598
833.7267413448851
844.9676754787066
837.5960734046746
840.0290714124923
838.5742684896649
832.5290920529345
840.1058677360077
830.4858727226515
842.4835020882654
830.0511212438995
845.9208322988202
830.6826247317355
846.407124185767
834.6519814176334
842.6568012594339
837.5450081948071
842.0426955796278
840.9288297039543
838.1063685360817
846.4995393410915
838.4155771794909
851.2733497268009
837.266648441976
851.3857371895976
838.53554952217
849.040882247162
840.4205398013278
847.1379062813254
842.111346131394
845.9271676486588
846.7712854035046
841.9625716134376
849.5177129641153
842.7025044985454
850.9122183257081
838.2876527417492
848.5720118880348
838.5858350097502
850.7180608788486
843.8427163578664
852.2356774367354
849.728057344351
849.7164115219374
850.4017224755315
847.3705560880055
854.6094630717141
847.9812314824412
856.1963467975539
846.6490356292194
858.7777266192368
849.0468155301974
859.0420558563687
848.8442423015017
855.7024718164786
851.6595435470772
852.695163627546
852.1298115452407
847.3066698865636
853.0837704918445
845.7669071379975
856.3544492051533
845.461924644983
855.2354779064136
845.880641831778
856.1654073992323
848.1119845413716
854.7893408335259
851.341404829422
853.7172325373265
853.7669695451682
850.5736764636209
856.5207717996038
848.6132795194658
856.9947486255793
845.7564655413968
855.8727805493156
845.9828340659558
857.6150841644426
847.8828470705015
852.3441554438474
850.4313277691082
852.1804918776354
854.5257418237171
848.9021791325008
855.7036225693754
845.065487771189
856.4763767537044
843.1313617989842
854.5861478604286
841.4697522442966
852.2515675393296
842.8545188918246
848.6457889152397
842.641680989062
845.2324736938797
847.6352646986579
842.3873859564452
850.3956250304643
837.7015644247898
851.7369395707013
839.4317492435672
851.5347718338473
838.3930561593692
847.8614681854335
839.334437331392
844.8331499322859
842.0477914521377
841.9109188584464
844.3648546370663
836.9070212688682
845.9686138631305
834.4766774998568
844.4363260921494
833.342297843675
843.8722541194204
834.2662764841004
844.9199101328311
837.5396619120452
843.225873277113
839.3645403041528
838.300557466582
839.8782020700783
833.3010858518551
839.2232766156636
826.0574893853552
839.801505117364
824.9811901005767
836.2832863310732
823.6485398127895
835.9141390164986
825.864517139936
831.2008333091186
826.2306501195599
829.2997713512386
829.0958572981758
826.898155016318
833.1972132099174
820.627638386546
831.9666170077971
819.6389775561291
829.0398321816238
817.1691253234864
825.35811536638
817.8915226043835
824.292396843742
822.1415111923443
825.4720526718315
825.0438985259063
822.7824470008179
829.2792700203746
820.8962744475843
830.2426054545502
819.3908914008867
828.4042123232947
821.1223541169888
829.0833725292626
821.249908780227
826.4494688847757
822.1441967127901
824.1031760616895
823.0127776495319
822.3992633060025
824.7981209017761
818.4138279877308
825.6339445732435
813.454275456168
822.5758444455756
813.1897977315072
821.0546466056838
812.5192914842637
818.5006474086293
811.7097262099007
815.4830737301763
812.1844856317332
811.8898865929357
813.3689788145856
807.3027882089424
813.5551963298302
802.2378620401121
813.1634381164096
800.53585699653
814.0215536586069
804.160839156895
810.2929718942366
804.4002328749089
807.0193039404032
805.0545033732847
807.7686790841385
807.0057326779173
796.7659495323
808.6547377828418
793.9260377766499
810.954973338663
795.28835999259
808.4887074332763
794.5457363533203
807.0248264654214
796.3412338488905
805.5395971586727
799.2178468290965
797.4961887405727
801.7510217787427
792.5354139290791
801.0431199446863
787.8610319559672
797.5306144336397
787.3608105194613
799.4979171416134
790.1095122479395
798.624231816496
794.6144215391563
796.4778118149268
797.1609778010699
792.8955171805403
798.8482630962352
790.3453185297853
796.0814849037821
786.6372606794703
794.520157991921
785.5013600211039
791.1076827071836
786.8776010688795
791.8314284199633
787.7135706425582
792.9067113871414
790.6407823432003
791.553825340098
789.5169218504826
784.4003070226803
786.9765590367446
783.3250352508278
785.530393227672
782.1465752086979
788.7543214939523
781.4479464676128
789.2502354378718
780.7321102919992
790.5383867677003
780.0219975171817
788.7073863602014
781.350233764889
784.7028119812776
780.43875529952
779.4687913375996
781.1210467796334
776.0634646302047
783.8738206219476
775.8452180412196
785.1173633474457
774.5929008983261
784.2013911825272
777.2016522256419
782.7820251621328
779.196611286863
776.0483655014903
780.908370909007
771.2518045554573
777.9129081385014
770.0626399379462
781.1209892703602
771.4959206718462
784.0445019344459
774.861157671108
783.9930807458908
776.4904789600199
778.2554513027482
776.8946515179014
776.5906113967353
777.3806979165255
773.8352237241813
781.7426020444829
773.0696425559938
780.7025849844745
772.2593321083212
782.0063307624607
774.9192174005717
782.5635434620477
773.6673509151104
779.2790096160973
774.4071004531243
775.5035350146301
776.6799304081455
774.7885083245505
777.9734055114093
773.5103423818316
779.3648709179702
774.5065254119559
780.0242418581074
772.8483388522162
781.6371645763829
773.7308786417408
778.6462532429877
774.2042465828566
775.8848470154044
772.5872285007808
769.7427047999345
774.5154838787573
768.7746500897616
779.5517053556259
770.7431011167471
784.1357200356523
774.3666291716619
786.9729759028646
776.2424396992891
779.6400788507387
779.5527906436151
778.9870031166905
781.499957047564
778.5059660994176
786.674096210394
780.7102492622867
789.2682908910698
779.5761357892826
786.871306685212
779.1626065860414
782.7717928029992
780.3273373090482
782.5640658622556
781.8473028754622
781.2146249127271
784.2468430999227
779.877087391013
784.2071162642326
779.0313672539129
786.508945113838
777.4515674525294
786.6330448042985
776.4751427153565
785.799417231254
775.6336179916004
786.7682857854123
782.6322656641852
782.6164296725369
786.0158141529519
781.4425780080076
791.8936144127566
781.4285597062676
795.7142864395461
780.003868288306
793.5513453204662
779.7712884699046
791.6718183387724
778.3375423115673
787.9270697546366
779.7212294395159
781.4638406798673
784.5327484814753
778.1422247160816
785.6921619873356
775.8873931206319
787.5137226159386
774.375061520265
788.1961079122816
774.3123124394721
785.232367401366
776.4609485526368
781.6130805015923
776.5302852593798
772.4558127201165
771.6949944615146
767.649446031648
775.5455086301533
766.3217638901833
779.0731819458831
768.13734998704
780.603982552582
767.8086831337016
776.9516128390446
770.4752125896727
773.7130191616026
770.7151290565536
769.6265417871126
773.0324399646071
770.1829819065156
778.5684903108072
772.6453990551911
781.0457323457371
773.2819820612708
784.1688390884859
777.0249327787066
785.8525664945623
778.9315075471949
786.1108552486191
783.9662506958938
783.9435728753078
788.1434693056029
783.6448086233788
793.5491308940548
784.5263757152301
796.0969071390613
783.9580042850703
797.497394971837
786.9022303378281
798.9156158112496
789.269027865411
796.9581453725692
795.113171492462
792.9526974577894
796.3013710112835
792.2306356417129
799.0773747861316
788.5906754095471
799.6428739773723
786.765745021689
799.2342220093074
789.5630897353354
798.3355466424059
790.94879503991
796.7450828651745
792.2466755322772
788.8329203685281
789.6439430865404
781.9848661416985
790.164697068211
780.7694455744003
795.0501292653834
780.878129874397
794.6596623875375
782.2623099027999
790.6879270225863
785.3262088246677
788.4775369358472
789.2307174225274
788.0308667067128
792.9142618115959
785.5480304699861
796.8928078920777
786.2537118478631
799.0112647512025
786.5837875419041
796.975740810626
788.711153753267
799.0417315024082
792.2230257427397
794.1818095666083
791.9844120319862
787.7484118246492
793.0828890257683
785.1674447798064
795.3995219292215
781.959386487195
793.6264458900672
783.4587539024188
794.9864404227271
784.7412424456071
794.1381526256524
787.9692889318885
787.8195592758384
790.5515490940883
784.2025211376931
790.1124464692938
782.9064410545067
792.1743857006098
781.0018569204232
794.1916332839122
782.9749729376949
796.6438306588445
784.1131372243299
794.9317516317637
787.2516674359989
792.0025185689527
789.465201301867
782.248897757052
788.2665919976869
778.6578714813554
792.1990491448062
777.2686645310209
793.4125016619274
777.3889865030425
792.2982570234535
778.6790643045813
788.4556593764864
781.0752162790742
784.229155232792
785.0541750089144
779.0153653799998
784.6122096671805
774.4426329903297
789.2896848374572
774.5694579955414
789.7840344018864
774.3855756596888
786.5699007912243
776.3647743329539
785.7970880397829
778.4500581919663
779.3502360123678
779.1992043318048
776.640860574896
782.8777104513539
773.3814611834439
783.1926424889574
770.98860033429
783.497121825739
770.882660165555
779.9242031079351
771.8762143794978
778.8305271379661
773.927358975781
773.1680712433665
776.5815428419232
768.8750620325654
777.5494792041387
766.8805295992606
773.7917462443814
766.3824897784257
774.1996865080628
765.8297168884336
772.5018505015503
767.6501761889863
770.2204670156275
769.8690143620637
765.1104290454356
770.8902394501088
761.240140762068
767.8149890624114
757.5821550189089
765.0958762435621
754.6469411672125
766.6400242045491
756.1841497665544
765.0994209367263
759.7337890644222
763.3514562779183
762.592220704994
761.7083233866332
764.4420599108149
758.8090148954958
763.7319838896153
757.4298292727935
766.3300947067623
757.211066284262
765.84549980106
758.0417577707029
765.1950656127628
760.466207140608
766.4156274640673
762.4773072972296
766.5573838956906
764.270907992601
757.8870837410304
762.866945302029
755.7621832069859
767.8423446230304
755.8194285393524
767.9055515852729
755.2263878300805
765.9237040412905
755.7997113240547
762.0633522248066
757.7582433384679
755.8632585405936
755.0816246207426
748.5615110499324
749.5509786814339
741.4041332442532
749.4340379922879
739.1029040628799
748.2612726163934
739.5929658092215
746.0482162506563
741.7905600940147
746.3934658883596
743.7379797577532
740.5652069853304
742.0848001573178
736.9586061528023
743.9520544563618
734.5421929311442
741.381473679599
733.3068824053565
740.9347774689738
734.5999269757948
740.5686199655612
733.9927266987586
738.1328845168704
735.5921699703539
733.6390828082403
734.9993587212834
726.319997641413
733.2841481374272
724.4227681810637
731.2800963261169
726.6165007605607
731.535265117114
728.7493997135839
732.8530549093882
730.5669732138239
731.9944206629775
731.6344656449654
730.1090114790428
730.7279388952742
728.2739503121237
726.0443892260586
727.7614756742795
723.2330488195588
727.0191520915079
723.9173654550149
727.2385365221393
724.8451369763553
727.892608225965
724.257147429532
728.8395582262239
725.1612407307263
725.3457718477088
723.6105848483634
720.5324427043942
722.602963802062
718.5279918712297
722.2522561049672
717.8831807326621
724.3391070359928
721.0732639379303
725.9976305877237
722.2742301513719
726.476562871096
722.8459673363154
724.4397319323792
723.3227955293141
719.7071653194859
720.550316869966
718.3733583830028
722.1936959930088
717.1988453492695
724.0042957893364
720.3196723592747
725.6692132326483
720.9614629281335
724.8544011978469
720.9870821978108
721.1574237437682
716.7923665458345
716.8482148896196
717.6477686255531
714.8470487494692
719.7271216044919
714.5602319689341
718.6274111694776
713.3252980346234
718.093798244166
713.762804251385
717.4307925236344
714.9941729484817
714.0276374528866
713.4424529093554
711.0761794274814
710.7668965092387
709.1888309405047
712.451874343887
710.1103806116671
715.4525618560863
712.1801901078587
715.4941729415464
715.7498046968664
714.8174088920817
711.8336753342077
712.649269803832
711.0004732237352
711.611537196561
712.949240354201
709.5792580155666
714.6237805198654
711.4689079988633
717.9180763665405
714.5585951801503
719.1462097769206
714.8715655049298
718.786232514087
716.3383659737609
717.4885559469243
715.576338481592
715.2792790234429
717.2052922323203
716.2161612656189
720.9030158349806
718.1167438547989
722.4852692508906
716.9954202212764
722.1363320545763
717.3939167544426
721.0507452893523
719.0384062385106
720.9445413163174
718.1780110528297
718.5496940899945
718.5063060627245
716.3258447804017
719.4325265592872
719.6341129380376
720.5039554981136
719.8996381564107
720.2025395529834
719.8217840679545
719.0071128560771
718.785725488129
717.6779204223228
715.9959278836734
716.3005335631253
718.4882591798906
717.2211980617203
720.3463250537009
717.5613085600647
721.5936828365469
722.1568640318802
722.2190277190374
724.7519320538851
721.2823194115999
724.6892921870326
721.2614095008597
719.8873221046053
719.8268448268767
722.2589845116893
723.231201530807
725.6432748700838
726.2281871670136
726.1960952257502
725.2763754260462
725.730736550548
725.9085601997807
725.3845278555962
722.8913929082357
725.22771783527
724.1051445720728
721.6145852699409
723.7750859987069
720.1781143168461
723.4015532574822
722.1896433940539
726.352528363488
727.2535702459552
727.0932065763992
727.5556929748813
726.8406856499801
725.2237644177287
724.1128440740853
722.337483307205
720.4098903410141
720.1297787178845
718.9462165480363
721.3883163990303
723.050888722184
724.5728131264954
726.2868737519345
725.727859801003
724.3591465156492
724.8454436899925
722.3596657722491
722.6247488823644
718.4230969180343
719.1508731987266
718.1421812078846
717.8359738048043
719.527852767134
722.0619118900112
723.3109986570186
726.2620080929513
724.1452043470811
723.6959061844303
723.0120083249293
725.273031933266
722.9043176413591
724.8307292551706
723.4936149363475
720.924217799871
723.797963166001
718.9407933551777
723.9706820340763
720.3506205707256
728.5274616851943
721.095025245343
728.3834375713953
721.6645395014353
727.001848054537
719.3800877168165
721.0068657652803
722.4905814156159
721.3805160119202
727.5135264993396
720.1917142529521
730.1447744313671
721.4911100858105
730.2290985428748
722.5995877932373
730.8839954490893
722.6621100777137
729.7621410438328
726.8482485965308
729.7620516157698
731.2234158574173
730.2032424628956
733.916572292539
728.9656603646575
738.3597866057736
730.2632524516576
741.1660462102192
733.5175543501823
743.4225214279647
737.9443751634426
743.8659532636315
740.9390696945236
741.3381835703581
743.5700043240577
738.6270894903165
742.5201483716838
735.0118603852444
742.6553739587785
734.281465766622
742.5300050658426
733.4318303676486
742.6189353464083
734.9521359889729
738.8146254309844
733.0996257521198
734.0690218268643
734.786268195862
731.6010902575667
736.7900946830839
730.0208995700709
737.1728598889553
728.8669048104222
739.3928889554709
729.5026396419335
738.4822614197142
732.4613927351338
738.7392558381003
737.4876595406749
738.400946433252
739.7105609789745
737.0701659769246
742.8841683050231
737.5361437830729
744.0573629478191
735.0210076887986
742.0241581085145
732.9135095011972
739.670917261842
734.2142719773881
740.0244632835629
736.3387245723987
734.8173509356992
736.9634274630592
733.6385752683736
737.4113962545954
732.4437385834792
740.3057116501557
732.2080886800284
739.0146088517428
730.390358248431
736.1832151413981
729.0906142646621
734.5279359112815
732.9677745780165
733.3586753698521
733.5725433807731
729.1292177567365
734.6238314833074
729.9598300366932
735.8651233105613
728.9572874387333
737.5567498073896
728.6876174681554
735.0111787926141
727.7300756612528
730.1378960148065
725.2757455021348
724.9187802975185
726.7252883599882
725.5155383924683
729.0437589757079
722.5868959907262
728.3041123127334
723.6040387639944
727.2038063640912
723.170826113003
724.6703846500675
721.8874700515577
720.9370344662133
719.7738159550888
718.8266702811068
719.7459363192703
718.4480141643247
719.486228931304
717.6956685766879
718.6463424062553
717.3386913496474
720.1953328996361
717.9154198612149
722.8660839487205
717.0923594702938
721.673271068321
719.4918213974165
723.1618483959794
723.8151036009763
718.4404050027655
725.1905213503826
719.0678235450478
726.5732866570579
717.8961000984698
727.7717267881306
719.8325232331525
727.6566559272186
720.372973432535
725.696021783229
723.8541745325759
726.6811815095326
728.7301045846476
726.2799477982735
731.4160843065847
724.181076912186
731.648936885825
724.7350807553502
733.1188783763773
727.6139114148261
734.9081734166507
730.2122281921249
730.9558502839062
729.9487708521783
729.9050806355428
736.1612210927179
727.2043429842927
734.8513269163614
725.3217060804319
734.2078577606931
726.0488811205897
736.2081408177442
726.0018386480766
733.5274631111275
725.1217362118698
729.4248360556971
727.6602044116017
727.7488542784923
728.6933558148351
724.7867046293987
730.1758106118903
722.9992458686545
730.4415094387459
722.9332511492063
730.7622171911273
722.9978827457807
728.9054067884954
722.4489541041638
728.0700993988711
721.9976979564703
722.8481688243533
722.6831907012594
720.1801815199829
725.7763316288193
720.7844853507469
725.9486478951276
721.094755820373
726.7087354799377
721.8440425117296
724.1028811225455
720.7287906483813
724.5201575705682
719.6738238716566
723.255412517211
721.4287088899182
719.257395125009
722.8394608288313
715.712783906867
722.351895919858
715.2295436884126
721.4951066198269
716.392281724375
720.1860142161368
717.1188016881061
718.847505050654
716.5498227292466
715.6488068544007
716.6527990681466
713.9446658369727
716.6870248820808
712.7172880957005
720.1441960112718
715.9780072244594
720.4760863360598
717.2192851324643
720.342753917138
718.7474777186003
715.4938707288209
716.1336738425061
713.6810539129164
714.2358167696502
713.0323395187729
719.004138964573
714.4335242941316
718.7418786458505
716.1370743392002
721.3599313967142
717.7491714340283
718.360865324829
717.0574966458337
718.5754134462101
716.774280393458
718.2200117534775
720.4122616340808
717.5182958255851
719.9449363154515
717.9438839900938
721.3628926185419
717.3161992315081
721.4777635520057
717.7228200319204
719.9549861253142
718.3466452982254
718.7989417684123
718.1860607760096
715.5358117729975
717.3566778737458
714.5313641427642
718.6512219560976
714.6892527617716
718.3222267574603
715.6325985464072
718.8757644092747
716.9671613104642
718.4061389678309
716.5682248809412
717.3391477387845
716.1272306087254
716.7379594506501
715.4543915184821
710.3826313166343
715.4627562955625
711.4296771938838
714.6347642116613
713.1552882069445
714.2529650637164
715.2156556961389
713.667593397571
715.0331345035945
714.6543473200372
715.27076913987
710.9456774213033
713.3236068938759
711.0833736145385
713.5520943667675
714.9252236832185
715.2122349407127
715.9330216748034
716.0849484056288
718.1482343298453
716.3542689252712
717.3127861918374
715.0424546335444
716.2035099858444
711.4514387725867
712.7157192596248
711.1620777917769
712.5603719578297
711.6815970297854
714.6309962389669
713.6266315509355
713.6684724761493
715.3672594463759
713.3127873946071
714.6905573525582
709.830335131142
712.8372453136262
705.3007840655175
708.9428338952077
708.3448769894826
709.1834459771491
710.9928812315549
711.6754882418915
711.6187864940038
711.6564190564573
713.0950153026771
711.2094451190063
713.2702749542792
707.8858132510464
713.3265695811087
708.5499617648335
709.192420380874
706.5834216267828
708.2380562619586
708.5153985498404
708.2863911229867
710.8441931341843
710.7583881639137
711.1206769047743
710.9334462836626
712.3165452561822
705.852665611309
711.7554474915365
704.9695296345487
707.7881411854612
705.5209163130255
706.8916439223237
707.7170695015317
709.5972289864687
709.8143684252544
709.2127459073567
712.3134771929542
708.5060330656622
711.1943510872027
706.7907401790883
712.9906268270419
703.8951941437241
709.6911326373319
705.4813783369425
706.8415413033231
706.6700227145182
707.7158181809756
708.3841176125003
704.8355159951286
709.3752138907907
704.723412298894
710.0479392918826
702.2078587794267
708.811499139093
701.3526386642718
707.1884375843238
702.4773973027629
707.3372656228435
707.4361281746909
709.7032307085282
711.0891099646938
706.8462588675038
714.6685049532335
705.2968426399722
716.0687657262258
707.2003615482772
713.5568602663373
704.9583374700503
712.0233437888415
700.4979901034212
714.24345435912
706.4401935569797
716.9660922643087
713.2282853843519
716.3194112833296
717.3813681760839
712.449582928108
719.4908114422799
711.149923956323
720.3831524266726
711.4051098851329
717.3871095651929
706.8160065484682
715.1381572859525
709.5380829057283
714.0499941748016
712.9907059819587
716.2123038738741
716.7053871284743
716.39235651739
716.9192534842882
710.8812898553721
715.3300451240549
709.3928192326262
718.2151483248077
710.8763082115083
722.5840373630892
713.8854342041942
724.5265141053251
718.6580528963493
724.5330760383638
721.9416906487668
725.12107553522
724.8924950632811
720.358901094317
724.0688921897437
717.8688688819236
728.4100613207784
719.2901324028688
727.5491924677082
715.6436534274407
724.2332529955671
718.1020765653687
723.101610753083
721.8323145032383
721.0498148900026
723.7807795501537
717.0751010560783
724.1141857772035
718.6346858128977
725.0200678651574
715.0370747102797
722.5866192567146
716.1541076995873
725.4315252477908
721.7584426760095
726.9128124516183
727.1953429863729
727.8861016638059
730.1608385873442
726.7842022480996
733.4061281230523
724.2015278082605
735.3468085821265
727.2941607660784
735.2372563838268
725.4908581632167
731.5359090236461
724.9453917323232
728.7857348457838
726.6520237959402
724.6457848167366
729.4476674225081
726.0821096301709
734.4834694972833
726.6613014769251
736.4308508377527
728.84648657417
737.7441366481485
731.8746864127619
740.5965718198623
734.0886060948917
736.593038588911
733.7805724832555
732.8468823271763
734.4447215086897
730.2137312942964
736.4580049862093
729.673670536987
735.1718390060817
725.00948841505
733.5455594509607
727.6527447186006
733.3527463573241
726.6821542356913
731.0267960786381
729.6921919532389
728.9605530782231
731.9668056840119
730.4621890548001
732.524339112735
725.5508345168017
731.3090007712008
721.4270776774288
730.2151180097998
721.6100640603138
727.5015407219365
723.6868688417125
730.1931297120716
727.4346105592722
731.2770980069439
729.3957496217761
727.9270701420095
734.1176054495877
727.4485664859584
732.9488921531331
722.001435878352
731.9821855933775
722.2201249290713
728.7374461224115
723.5904304103864
728.3022325863058
726.0534801659517
727.1507362521604
728.8691699403839
724.4795957774274
729.3874564875418
723.6825726591616
731.823016347809
718.8491503821832
729.644397687882
719.2667122352037
730.2385348283311
723.566271477461
728.8651383195299
723.2783374524208
724.1683209182424
723.0541285661958
722.6634784259899
727.6254957644655
720.6931441612684
730.5737101695092
719.9944707952619
731.7869901574405
720.7945102904865
730.9532371069934
723.7141226323336
729.1178455364625
725.5914105384782
729.6168779629926
729.8541116106489
725.3736360679458
732.3350067634557
720.9993745435843
731.5088961445102
720.5595966220034
729.9610696998467
723.2919505086194
729.3887367718592
724.340639463008
725.7226229095562
724.8651096539713
722.4704573951319
728.053837855941
721.989544335538
729.7816989795124
721.516317292532
727.9230210167325
721.0146964164495
730.0214815615276
722.2878535855369
727.3987484723322
722.6441911195699
726.0456704131853
724.8876807122047
725.1192413582271
727.8412237199038
722.8358758570337
728.3333698199359
722.4134107601487
726.5348981789289
717.8424471762311
723.8504143110908
717.7766622392891
723.0138931162896
720.274589355936
726.3830454575636
722.1213900628578
722.3008861222379
722.3818054966265
719.8533652237002
723.8872800337559
718.1758512179114
725.0649694862814
717.6797534872725
726.1581180392003
718.347302189052
723.0205520153633
720.5404011445838
723.2946006215088
724.161734024498
721.8940940493856
726.6410497433998
718.936200041842
723.3778581369303
716.9405278092722
725.0313274777326
715.2687614650115
724.9720137191492
714.958078009477
722.9431401747826
716.586088909943
722.983284061186
718.2583136016458
722.4451420331311
724.3502993540773
721.1072020762197
726.2688417956215
718.9744969831277
728.3889623558465
718.2093714983927
727.083456232421
717.1694489828689
724.5403928855068
716.4891029371613
721.1876394534531
716.6412636726228
717.1945813018359
716.1693190834774
712.5097667072413
716.5155129413838
710.3352859795746
715.1289429560603
708.1282945325188
715.3296629979433
707.4039413310265
714.7361547478617
708.8614214797244
711.4603624362516
710.7264204229872
714.3563113961873
712.2769055346407
714.0478172210194
713.0588283714535
706.944039917946
711.727179573947
706.0019729305287
712.51627762536
706.1378729683597
712.890363277253
710.4708309167246
711.7776341405237
712.5647105967631
710.5912693028788
713.3843190483586
706.5038821546161
713.1074355023617
707.8099017039378
714.5526656769682
703.6267047025169
711.3682528920575
706.879664240189
711.3424979835389
708.0474409582027
709.6657107667277
710.0995994357526
709.1276935453724
710.7535694483219
710.2682375206008
711.9460542185367
706.5805863368698
713.5483938415992
707.6131029133765
717.0599738557245
714.201415698471
719.7125045810302
720.0457376716051
718.8228588440402
721.8908067959245
717.2399675753583
722.899778689252
718.8154426331449
723.0852464606693
717.5097587606048
723.4096458552692
719.2258724932374
726.3225125043209
720.1967994502689
726.5179285673516
721.7150226572422
726.1785017001462
721.6636465694452
726.0396213277705
721.0593970132012
722.8861114357487
720.3625939201576
721.4365475393716
724.0591299745012
723.0677935431194
727.9746001330747
724.0776502666563
728.9091276007914
723.8226861739959
728.1446223775492
723.6696329314743
726.3808130593698
722.901031516115
723.8896507366376
722.6326740564422
723.2102401709097
723.056211742591
719.1755132251085
723.5076068252569
722.5487279014293
725.1565718061405
722.588664814534
726.2406145726297
722.2408232036906
726.1032238296891
721.8981507306299
726.6569867244588
723.2136030099834
723.5032044736035
721.3505152689143
717.044216800777
719.0574637459897
716.5837258701931
719.9073089984338
718.2533156045909
718.2888085084522
718.5680225505309
716.6267194344716
719.5369942203882
715.708628621193
716.687358331383
714.7266340725294
714.7287870904167
711.4229647265341
716.0438596806698
714.9050427476084
718.5729749157144
718.1347662969355
720.6692704184571
719.2747569444635
719.9180465024793
718.2997493926785
717.021263395721
715.5463146548227
709.9835763563967
712.9294644157014
713.3718884649319
713.6159220769331
715.7442676419964
712.6341407759857
715.7957989591264
710.860495291199
715.7352092263221
710.234532640634
714.9128702132559
711.8017210740753
712.7924134084723
708.1206922435669
710.6841574572886
711.0002326025353
714.3142203985109
713.212206534312
714.1672578918142
715.9218266047131
716.4671931390835
716.1581060554271
717.1356435352865
715.3371679632781
716.5495824185236
715.4787435669845
711.2064268057812
714.8866008457362
712.5481472389874
712.3522928966304
713.748454350781
710.7130547230059
715.3967363882849
712.4149063722837
715.4786139558801
713.1623750366681
715.1917381778576
711.1373618193688
713.2313543077336
709.7719749632905
711.5690433486133
709.4806720924973
708.2603726881068
711.1166181343849
708.533313124026
711.3545181202488
709.2937882498256
712.1839585869795
712.5356005015424
713.1806711619354
709.3067982608583
713.7577322972918
706.2847182059176
712.9247751232416
707.6011304788833
709.3039408289449
708.8345737375754
708.3671296787834
711.7830216640627
707.5273649737939
715.0232386208595
705.344156250785
717.1848125351497
702.9854363482375
715.87979721112
700.5444326064822
710.78960640415
700.397898759798
704.8481944622814
702.8339467461279
704.0044146160191
705.3415535890869
703.4046857217563
708.24451038709
702.5966060388313
709.7170816545184
701.7257916902047
709.6920646969867
697.9523036289386
700.8353959593236
696.7523602710343
700.5161770743553
697.9805165687951
697.9258883541434
699.2961898982524
697.3536039832429
702.1579755712627
695.9176992879587
703.5198438271835
693.1698373579258
700.7523311103591
692.069664737162
693.1976262082829
692.95682003557
693.3935739653167
693.2029441184685
693.7231382093443
695.1179364202261
693.7100302889812
696.2241026453155
692.7887759321877
696.8637970147768
690.3321256304116
695.1346351391958
688.0453293908865
690.1894346848936
688.3027253521633
688.7101988203558
689.726185759095
689.1118604603154
690.9702966339474
689.2854033076532
692.0642877642779
688.1248919111953
692.987518064122
685.818801933184
691.0840536943358
682.1316014391674
684.1794482214765
680.826673956469
680.2835757947241
684.3417504016065
680.9796552291992
687.0784099493376
683.8949155617029
689.240446982269
682.341731448094
690.3497707352303
682.8194564701838
687.5961870930095
682.8087915284937
684.0437624010285
683.1178876885155
682.704920751022
685.1951522912815
680.013509442168
685.8006437592809
679.4421877483908
688.3578810206143
680.2092171581193
687.8173461402248
680.1658482853727
686.0855207604021
680.7616282567565
681.9453419437543
679.173293553165
680.3948788079655
681.532418115536
680.439627031212
683.1921417852325
678.6316014407912
684.264759550237
679.5002506824064
684.2865637588944
674.8300501232371
681.3756830271186
674.6401589913396
680.4735758177824
676.8322831961584
677.2878579278054
678.5057875472363
677.7991448743917
682.0775207734655
675.7193267597182
682.9855661293863
672.5018851556367
683.8317111397491
671.4559309426742
681.4943079485232
673.4556017857417
678.5787081849269
676.6353220170099
678.0373614192445
679.0613238790737
678.6664251722675
683.296283686793
678.5934046773905
683.5858891559604
677.2821869039794
684.0106093332581
675.8559343634176
681.2162677453249
676.3624689726624
679.8975028740541
676.3496802490596
676.7448908682961
680.7838893715258
677.2114540538126
682.8420126762929
677.1910222892182
683.9927961031195
677.5683241648721
684.6234082392625
675.7870435302965
683.7987765836415
675.0086614745303
677.4650518882877
676.9333994829402
675.4499988753287
677.6240766559391
672.8643010015509
678.9169745174355
671.7201611467982
680.1791461769619
671.8204957983232
680.8009780356996
673.3155205934611
681.1388794204397
673.7809829657608
676.473043666671
675.2927908275478
673.3039513109744
675.8063347308391
670.8602028249261
677.0992446602262
669.976474107158
677.9478024277984
670.2894448459865
678.3695605533424
672.299515194292
679.096000572638
672.8747697773915
674.7591462541171
674.1083403924033
672.1483324171091
674.5997639116165
669.780716660834
675.9778199621883
668.9985359038941
679.4159487777383
669.0726161009418
680.6555845389759
671.3019211432318
679.1663424470703
671.3804616017293
673.5361891632557
670.3530927388719
668.7507434401809
671.0368082451938
665.952895996815
672.0426816221279
665.1068056145575
673.0101753716582
665.2182748187814
673.1398367808702
667.376107583036
674.1762661031436
666.4848723071592
669.5901979877311
666.4935220165291
665.6742649963164
667.2057674249025
662.470644179684
668.472331996605
662.295363664868
670.4763398084801
662.4801746853568
670.9989365645079
664.2659643835058
671.4045480712123
665.4195920294464
666.6112360890223
663.1909825247976
661.4526403164317
663.7062945345697
658.6810683107627
664.7716347664879
657.2497751300835
665.8595001977131
657.4967731192336
666.1143903898426
659.3003667792623
666.78338957839
659.5264866731558
662.4557262226731
661.2893348163944
660.9112503211448
663.740479813561
658.6667237192974
664.7337249676497
657.9352563293096
665.690560916444
658.2287188774524
665.9386605232501
659.8216664037869
665.1073866119139
657.6547005432013
659.043535620697
656.8658636306996
656.952573060044
659.9377505307689
654.7795916208299
660.8257103401625
653.6214555792444
661.3654188518559
653.6685461647398
661.3885377207621
655.3772773828858
660.2604894596406
652.7964609999328
652.9748982846529
651.1887048031033
648.7979127486983
652.8174544312316
647.5531266942609
653.8405028906677
646.6080961989124
654.2366544192736
646.9605694665206
654.7709320347064
649.5272227627115
654.3135283541984
650.237741378287
651.0879587062836
652.4742150095245
649.1793103068821
652.8375533166361
647.3176625695374
654.9152199604474
647.8970839615469
655.3087187110874
649.1053280005207
655.854812011205
651.3430106631926
655.9881940798693
651.2960623064326
651.4742994765411
650.6607823089439
647.1497941301604
650.5888911602975
645.0431542605683
651.2501326636842
644.2783662833278
651.6059682035666
644.5468009407858
651.8921297706354
646.8340588120361
652.9010251807271
646.0775195616441
646.8734726426335
647.1538605099153
644.0147524305589
647.4036607013416
642.1223475049356
649.2172953354698
641.3255105398167
650.3048503964098
642.1776197444412
651.2497655947396
643.1069200767116
649.909555773909
644.4900861696939
645.6983150007364
644.7781783093436
643.6462579608166
647.2988900095766
641.7325467031543
647.9931509313606
641.0226102013763
648.3837013613456
642.0602562312413
650.0937093441007
644.2293818455827
648.1542515439024
644.4119924222803
645.2384376809952
646.7952704600934
645.5656869166714
648.8843156563844
643.3152706769949
649.3788070326926
642.369315325418
649.4889118836645
642.5811888226228
650.3111982121836
645.88448715471
649.3767777979502
644.6734479658811
645.7615634417424
645.2212331539388
643.2984018627213
646.855771063419
642.8125024361123
648.8239243509008
640.3019156053817
649.5330658104137
639.8474571884813
650.7171472371869
642.6728554437348
650.2292733983817
644.7924409592804
646.8141260210109
645.448930849765
646.8654722957147
647.9942342534498
643.6772031907931
650.4559687111985
642.6338418324837
651.0689099932778
642.5068367151296
650.5672408820188
643.4085729602255
651.8056501804164
645.4927124287418
647.3362848020416
645.7542177902927
644.8923684789467
648.1917743353433
642.629980618305
649.5660553014721
642.8470299007798
650.6167396718351
643.7928155949191
650.4330583467951
643.3478132627237
648.4427167266623
643.3398824869504
646.6066217470351
645.1768898927596
644.171732616382
648.7528407746856
644.9446231452646
652.0841358296714
644.4760169351443
651.451131772594
643.7320880686112
651.2505858713535
644.0870404645387
647.8934288924478
645.5855676851612
648.3835048879381
649.431178113423
646.5151279318994
649.3345254135247
644.2137274401426
651.1669952864497
643.577839134476
651.9148421581447
643.5732129067434
651.536952411155
644.0179577012887
651.531703981346
646.7450256484959
650.8625713332221
649.6938734692967
646.6577606856367
649.5281516743283
645.388398644557
651.0701215704879
644.1021749502858
652.2033558814993
643.5751344502062
650.97219349682
644.0961846423975
649.4076698032442
644.7198859614319
647.1947157984067
647.0878023725072
644.0668350813969
647.325650557757
642.5253426937347
648.8470756907863
641.2149553228628
648.0777336024274
641.0735878435474
647.1623475283718
642.833313673798
647.9664111734447
645.7842121979464
648.2125388920739
647.4913541369482
644.4540861208945
647.6491221140566
642.5130080660749
649.6879182150394
642.7980576551723
650.4236972777409
643.1225818292683
649.3087793884237
644.3082725028556
649.307310862817
648.1315915976277
648.3403779654399
649.2726757412473
647.362902386917
653.0590095801272
648.1780336028188
654.3987748109964
646.7870592818447
654.1743578353244
647.3566195264369
654.1805961317655
649.9148323411912
654.0449336471027
650.6062591768181
649.6346082826324
649.867091271278
646.6527421571583
651.9709438965301
647.3297137053597
653.6957327794308
645.4156391223589
653.157566451424
646.0941703204646
653.8873672111662
646.3675758992541
653.9190810561931
650.2059364391673
653.3803059874006
651.5708362682385
648.9916354186399
651.4883450081403
647.4399394163684
653.440615392296
644.9329104841236
655.329519568746
644.7023511725628
656.1167447277255
647.2304104058449
653.0940825385379
649.986569020244
651.2123835364656
651.8603820110335
648.3101428910281
651.9549801262426
645.2918346641387
653.2756541177938
644.8186115470221
652.9367782264795
644.504289893472
652.5634181492475
644.2093370900744
650.1671522879963
646.2054974455239
646.5530197581603
647.9145785240728
644.1160780651334
649.8785840347756
644.4582257889581
652.5205094651933
644.2670705376752
652.3349370354067
643.8679507603524
651.3970770187369
644.2754250241612
649.4373184061375
645.2271115451174
644.9144891105817
646.7737188683883
643.7116304549774
647.3380895273514
640.6281799614646
647.6212987717367
639.3183086191652
648.3855767966556
639.8690599930909
647.3084857389905
639.9652295987084
645.9099501311091
641.776916918094
646.3259647531561
644.5461546848717
643.8527670480269
648.6031460861718
643.0676673131406
650.3362255739219
641.4321970101478
650.6143566463518
641.0390929532772
649.9701347572485
641.9174754036461
648.609043858468
645.2809965218795
647.5119647223839
646.5856724534112
645.3399280511886
650.8196163017631
644.1235587754213
650.8133872170547
643.2281221961528
651.9332021366856
643.4112288614641
651.5078023976487
645.5597833500807
649.9922738234333
646.4576266273953
647.3690131276791
647.7830289419684
645.0887480374417
648.4044438553099
642.5195917686328
650.0064863292337
642.1492135900951
651.1996217483289
643.1718399788314
651.7119113094175
645.2208313062474
650.7037600899267
643.7269254525826
643.8252944055944
642.2646413393934
642.4786089030779
645.193371332424
639.8174624641202
646.785395747259
639.0554649198111
648.3082646670164
639.9284836945907
649.3127090367316
642.7919202278628
649.9886397439936
642.2677601336436
643.4430186457982
640.7930239213985
639.6090935461974
641.8857806686764
636.7615239006548
643.6866628568732
635.5055334460518
645.3145390322264
635.7957640849825
645.9615570767745
637.2445355510893
645.4763238128278
635.8807746181826
637.7307828209639
632.958493547551
632.3015740545779
633.9569346423691
628.2587594286571
635.3358738947006
627.6638761480428
636.7697126982998
629.4001175754021
638.5080016162904
631.1678512733317
638.7846035882543
629.8549161905235
632.518266913421
628.9502407765832
631.2449882298168
630.9154317387562
626.9423614670737
633.516276624336
625.6162906528066
635.6388833969531
626.6697387262442
637.0116631770408
629.0616415257443
638.7133359110117
630.2302241242228
633.4955812059643
627.3238332005315
625.3104539672157
626.8137524408246
622.2794015089896
628.5572437987419
622.6782019111606
630.5492658015678
623.9556473792476
631.4661012525257
623.8150874781506
629.2206094528376
622.6360529477571
624.6280578708898
620.7635778649806
621.3756660450961
624.1905641166726
621.2161301754134
