nan
14023.818
5936.6885
3707.4138
3065.3625
2692.9849
2093.7446
2341.2148
1873.8042
2225.988
1768.4877
1405.8774
4752.411
1117.378
1135.3837
2067.2139
1489.3511
1323.2253
1855.5702
1405.112
2188.2395
1394.3271
16416.422
1322.5897
3662.3103
10010.268
1555.1458
4030.3381
1537.1511
2851.971
1362.6375
3860.0173
1274.0435
3584.3447
1302.1292
14723.984
1506.1312
3557.3167
1703.7222
1847.1693
8740.434
1599.4161
6144.5894
1340.6514
7035.5503
1238.9204
5967.8926
1254.2416
11374.228
1399.094
3705.505
1642.2991
2013.356
12759.443
1581.6165
10126.193
1330.6892
9941.27
1227.8314
10748.854
1240.6523
9607.839
1378.5651
3673.8174
1660.217
2081.163
2294.1287
1585.5955
12279.09
1330.5007
11686.223
1236.3125
9727.109
1248.8973
8986.8545
1394.927
4005.7488
1678.2314
2245.0657
2106.5105
1668.1752
13290.919
1378.6589
12328.811
1269.9011
9596.859
1285.5739
8342.657
1438.1641
3922.7654
1754.3376
2271.6492
2232.0728
1716.9757
14256.914
1428.7158
12481.941
1317.0709
9127.859
1354.2903
8270.213
1530.8276
4415.4194
1886.6201
2578.0962
2430.0925
1930.6313
4386.162
1631.503
6018.7827
1523.0023
9075.331
1571.2717
8263.367
1773.5889
4949.6895
2157.569
3004.7625
2799.9153
2171.981
3965.5205
1780.0934
6159.9233
1613.538
8716.269
1611.3638
7590.9937
1774.8306
4432.6196
2084.7178
2731.259
2598.1663
2016.2059
3529.8306
1660.5884
5711.9995
1515.0641
7693.6895
1510.4587
6442.608
1645.3035
3878.6885
1913.9341
2432.198
2402.8057
1839.688
3301.6272
1540.8729
5122.422
1409.7994
6551.3403
1414.0001
5375.341
1524.3529
3267.8616
1775.0404
2165.0164
2168.591
1654.495
2839.81
1409.4585
4225.3193
1298.707
5238.9414
1290.476
4245.868
1385.521
2740.6943
1588.3041
1903.717
1937.3734
1510.2963
2539.2776
1306.4698
3625.6865
1227.9402
4288.3037
1210.1809
3407.8647
1271.3342
2289.5723
1437.3362
1681.488
1722.5952
1365.175
2173.566
1216.6139
2944.32
1152.1855
3443.7332
1145.1113
2806.2356
1201.9729
2031.5336
1324.2231
1519.7848
1533.8721
1271.0513
1877.8215
1148.4199
2442.3499
1097.6401
2796.3323
1095.7588
2422.2234
1154.7406
1862.7325
1274.0956
1455.9135
1487.233
1247.9482
1840.7418
1140.1062
2341.5422
1093.7987
2682.1626
1098.8475
2406.4192
1154.1682
1861.4045
1277.5941
1472.7783
1488.3944
1255.3179
1847.3522
1141.7767
2348.1326
1094.4908
2661.2434
1098.9025
2384.0112
1153.0233
1838.406
1271.9503
1456.1991
1480.9734
1249.0294
1826.15
1140.5253
2307.0547
1094.0334
2610.3645
1102.7986
2367.77
1161.526
1861.552
1287.0623
1486.6381
1510.3291
1278.916
1880.238
1169.6718
2386.7402
1124.6991
2698.8489
1135.1803
2456.016
1200.9442
1947.1312
1337.0612
1555.4366
1576.1246
1325.2742
1966.1875
1206.7947
2473.079
1159.4496
2784.4397
1168.5173
2551.2437
1237.3197
2030.0658
1380.996
1610.9149
1624.5135
1367.1543
2013.2043
1239.2703
2505.703
1187.4194
2801.7864
1193.687
2556.465
1258.1631
2037.3755
1393.9573
1618.0614
1630.4601
1378.5857
1997.4642
1251.1384
2469.785
1195.6865
2745.1882
1199.3073
2510.5767
1261.7797
2016.575
1395.591
1617.9738
1626.072
1380.6377
1984.7565
1250.8273
2436.1106
1194.8247
2696.4604
1198.8544
2479.573
1262.752
2004.8793
1398.4468
1619.6625
1633.1562
1388.6166
1992.3657
1263.2345
2445.0227
1213.5121
2720.7952
1223.6947
2542.7996
1298.413
2089.49
1448.9584
1698.0333
1700.8091
1448.2499
2081.2083
1311.3268
2556.5596
1254.5282
2841.6392
1263.1002
2641.9385
1335.3987
2164.0662
1486.4033
1752.2554
1747.1025
1489.7023
2143.6018
1345.3468
2625.6768
1282.7595
2917.369
1290.0784
2717.8472
1365.3607
2227.7212
1523.9381
1802.1603
1792.8606
1524.8224
2189.9204
1370.1837
2683.074
1302.294
2966.0854
1307.0454
2751.4636
1380.3475
2249.1077
1534.7705
1812.1389
1800.0364
1533.8423
2195.8064
1377.6567
2671.5925
1306.2764
2951.48
1310.4993
2751.5793
1385.9443
2260.753
1545.38
1828.2015
1817.0231
1547.6674
2223.1406
1392.0701
2714.957
1322.1215
2987.9077
1327.2231
2787.967
1402.6382
2288.9497
1566.6248
1849.7179
1836.4563
1562.7318
2245.428
1401.3423
2733.6892
1331.7733
3014.8286
1339.1432
2828.0144
1420.345
2340.1748
1591.4717
1889.3961
1838.3357
1571.0437
2237.0396
1406.8684
2720.14
1339.3475
2993.8057
1340.4827
2806.0337
1415.8337
2383.3643
1545.9265
1820.443
1837.235
1548.1744
2145.3962
1376.5422
2583.3203
1311.4135
2935.882
1324.7151
2785.6106
1400.6777
2320.483
1553.6687
1877.7327
1804.6047
1571.3458
2185.8518
1408.2074
2665.5964
1338.0748
2983.0186
1342.3417
2827.9785
1411.08
2371.272
1576.1255
1904.7761
1840.846
1596.2018
2228.6926
1431.9692
2721.3875
1363.5973
3047.7031
1367.847
2900.4292
1436.9672
2403.662
1593.3914
1929.9972
1859.7115
1612.7462
2257.487
1447.6482
2755.936
1381.6908
3092.345
1395.4814
2966.533
1474.897
2444.0752
1638.3706
1981.9363
1910.7433
1668.0337
2322.0378
1486.6696
2820.5774
1408.6719
3125.595
1408.0966
2957.1228
1486.6292
2442.6118
1637.0061
1962.0094
1905.4242
1653.4034
2327.8176
1485.0435
2820.9072
1419.8668
3136.9148
1426.4296
2981.369
1500.5109
2461.4756
1663.8024
2000.6958
1946.7146
1683.3584
2352.317
1507.673
2848.6902
1443.8379
3162.348
1448.9711
2994.2656
1525.488
2505.6501
1686.6171
2030.0272
1976.5388
1701.3972
2391.643
1526.5281
2902.615
1458.0924
3207.324
1469.7161
3087.896
1548.644
2583.7456
1719.4128
2084.7808
1996.8142
1746.3494
2422.8608
1563.6365
2909.2095
1462.7618
3186.7727
1450.328
2962.266
1528.8126
2452.2075
1659.9586
1953.1335
1894.5099
1644.4609
2240.6577
1473.6089
2683.6504
1397.246
2925.5466
1404.8904
2750.2214
1474.439
2323.817
1627.5177
1889.9941
1860.1846
1615.445
2215.2756
1456.2214
2635.7034
1394.6414
2876.9146
1399.2555
2730.3955
1476.6149
2313.0066
1629.6595
1903.03
1878.6217
1634.415
2221.6296
1470.3074
2635.4531
1405.4185
2896.16
1415.0243
2762.6729
1487.295
2342.5374
1633.0746
1915.9545
1866.6545
1631.5845
2187.7131
1463.4259
2585.1584
1386.2571
2824.633
1378.0624
2663.6472
1439.1688
2233.8408
1570.2821
1828.898
1779.4849
1562.3003
2076.2393
1412.1511
2448.1462
1343.2255
2651.425
1340.3239
2490.5996
1393.4486
2094.8325
1511.8483
1731.2592
1702.859
1494.5083
1966.3196
1358.5922
2294.5295
1290.686
2465.9187
1290.2732
2338.9329
1348.2783
1983.1948
1461.0598
1664.9952
1650.3802
1437.8829
1886.1859
1317.5037
2174.7773
1257.1335
2322.0972
1253.501
2205.8079
1307.7296
1873.0399
1410.6492
1589.9736
1577.0366
1385.9637
1786.9652
1277.1661
2046.0197
1225.963
2197.9707
1229.0781
2089.8496
1276.4788
1814.2894
1377.8922
1542.1613
1528.2096
1363.4897
1739.503
1254.7946
1986.637
1207.2245
2079.6377
1204.5626
1955.7173
1244.8824
1709.3763
1334.6829
1473.1483
1473.6494
1319.4928
1663.7599
1225.5891
1876.3253
1170.6292
1966.6046
1171.5645
1865.4767
1213.5195
1641.7451
1298.6979
1434.1415
1436.3993
1273.512
1588.3417
1188.695
1769.8196
1144.8306
1868.4183
1145.4825
1775.9541
1185.393
1572.6426
1275.585
1387.915
1408.9661
1258.0757
1579.1488
1178.5569
1769.5598
1139.1576
1836.0548
1139.6537
1743.5303
1180.8221
1556.0435
1261.5906
1371.275
1393.0823
1249.516
1570.1604
1175.686
1760.9598
1144.4514
1847.8552
1149.5082
1769.914
1192.6678
1582.9199
1279.5953
1399.5126
1416.7991
1272.3505
1604.8523
1189.7642
1793.246
1156.3402
1895.1255
1161.8025
1816.0459
1210.659
1621.429
1300.9242
1428.7827
1445.5773
1291.6427
1642.4447
1211.1351
1848.7915
1176.2852
1953.6794
1182.7235
1871.8223
1230.3776
1660.1835
1325.5903
1456.2834
1473.7593
1314.382
1669.6162
1225.6228
1877.747
1188.7727
1983.0857
1193.2832
1896.9285
1239.5663
1680.5652
1334.6267
1472.7906
1483.346
1326.0436
1687.9691
1234.0721
1893.7838
1194.5992
1997.701
1194.7493
1905.4775
1238.5093
1691.2666
1334.4478
1481.0106
1489.2543
1334.1852
1698.9768
1247.2036
1917.1705
1206.8607
2025.5891
1210.6433
1940.9049
1258.0935
1720.0367
1358.1765
1507.9553
1516.159
1352.623
1729.5963
1258.6301
1950.9471
1219.2849
2065.6636
1224.2301
1975.546
1272.7173
1750.079
1375.0759
1527.1865
1537.2302
1369.6277
1760.2524
1275.063
1991.7815
1232.5594
2112.046
1239.6606
2017.0001
1293.8455
1790.9001
1399.4535
1563.4393
1571.5088
1395.8809
1801.6224
1296.7955
2043.79
1254.7255
2167.7776
1258.6711
2067.0505
1312.0482
1822.2778
1420.9279
1586.62
1596.601
1416.8043
1834.6102
1313.6675
2083.9329
1270.204
2207.6602
1277.7805
2114.3547
1332.6986
1865.4325
1447.3655
1618.5255
1628.2692
1443.2153
1876.3207
1338.1381
2136.2122
1292.9432
2266.7107
1300.45
2166.507
1357.1733
1914.0294
1475.0234
1657.5225
1659.559
1467.0287
1914.7081
1355.2332
2172.0718
1306.9979
2296.4973
1309.6877
2194.2466
1365.5428
1925.3828
1480.792
1661.555
1666.633
1474.4305
1922.6973
1361.5994
2188.6855
1313.3866
2323.174
1322.1714
2224.583
1384.0884
1969.6912
1508.4766
1705.905
1707.6616
1507.1104
1973.8545
1390.8705
2254.9553
1339.8108
2397.1914
1346.1737
2296.9973
1411.8464
2024.7975
1538.1215
1743.4298
1745.1157
1539.4668
2022.5348
1417.9868
2309.639
1366.7715
2460.0022
1370.5222
2362.072
1440.158
2085.826
1574.1409
1791.9419
1780.8961
1575.5062
2064.3474
1443.9359
2363.6062
1389.9325
2517.1938
1395.812
2413.4775
1460.9679
2122.9756
1595.1794
1822.4886
1809.7192
1605.0669
2089.7842
1470.9597
2402.7957
1411.9371
2565.7966
1419.2097
2460.528
1484.6066
2160.203
1616.7909
1853.0803
1829.4397
1624.4642
2123.613
1489.3105
2433.2202
1425.0757
2588.9373
1424.4458
2482.174
1491.0267
2170.3733
1623.2678
1859.1259
1836.478
1635.3389
2133.5735
1494.0778
2450.1636
1433.8097
2612.6426
1439.3137
2499.9607
1504.0444
2199.0146
1634.7732
1877.1882
1843.9834
1645.404
2139.0588
1505.4546
2455.2969
1446.7449
2627.5308
1445.6536
2513.4536
1511.4036
2209.8237
1647.5829
1898.5103
1870.8103
1659.7102
2164.2437
1511.7997
2480.979
1450.438
2651.4226
1451.7941
2549.568
1523.0425
2222.994
1661.4127
1899.4279
1876.1818
1658.6838
2173.2158
1516.0276
2497.975
1455.0376
2665.0828
1457.8417
2556.8203
1523.5695
2243.4207
1662.1217
1905.9354
1875.015
1663.9264
2177.7944
1517.5596
2503.4812
1451.0558
2665.4827
1447.2812
2533.5063
1505.1932
2209.06
1630.849
1869.4037
1829.5065
1626.9602
2111.285
1483.8289
2415.3738
1415.4075
2542.1553
1392.7566
2373.6567
1445.0748
2049.954
1554.2153
1757.2828
1764.1472
1561.471
2033.7241
1440.5485
2324.6401
1384.2839
2457.0713
1383.4
2331.2124
1438.3728
2043.737
1552.8868
1753.6368
1743.0322
1549.9232
2003.0891
1428.4321
2276.9526
1369.5297
2410.6497
1366.9756
2295.0076
1420.9294
2009.1501
1533.941
1732.2283
1720.3246
1534.688
1971.4197
1415.471
2236.3008
1358.8743
2358.334
1353.8181
2234.7473
1400.7612
1955.0725
1505.665
1687.2416
1677.0745
1501.0677
1915.8815
1389.114
2168.581
1336.9299
2284.6377
1335.8215
2178.9468
1383.2606
1922.0646
1487.5443
1669.1263
1661.5333
1489.0325
1895.8325
1381.1031
2141.927
1326.814
2256.4812
1322.9426
2138.8955
1370.1334
1884.3047
1467.3181
1638.4792
1626.5369
1464.6517
1850.3903
1357.9304
2079.257
1304.7695
2185.414
1301.8181
2079.4858
1344.0599
1839.0056
1436.2245
1601.2401
1585.5973
1435.8396
1794.3198
1333.4807
2014.1511
1282.736
2111.3042
1277.9293
2007.5671
1316.4836
1781.4122
1402.1575
1557.3002
1538.8667
1398.1993
1723.998
1303.0557
1927.7887
1256.8573
2019.9323
1251.62
1926.6857
1290.337
1721.48
1373.2512
1522.1498
1508.411
1377.0302
1695.3823
1287.4817
1895.3126
1244.3967
1987.5958
1241.3549
1898.7278
1279.7633
1702.1968
1360.97
1508.3506
1496.3844
1370.7618
1684.9597
1285.38
1880.6173
1242.5626
1973.0054
1240.1392
1901.0592
1280.9313
1712.1711
1365.2543
1514.114
1498.3992
1374.9512
1682.8746
1287.6154
1876.2305
1243.2916
1972.6161
1241.2727
1888.0973
1278.5883
1703.6377
1362.2386
1513.7504
1496.861
1374.1849
1682.4812
1287.2793
1874.3562
1243.9788
1971.5859
1240.5652
1899.1177
1280.7556
1707.7587
1363.6458
1516.6157
1499.0327
1376.8439
1680.5271
1288.0726
1871.3163
1243.8224
1964.3953
1242.2573
1891.7347
1280.1818
1703.211
1363.2612
1514.1073
1497.1116
1376.0398
1680.0012
1288.2684
1869.4841
1243.0739
1959.9407
1240.6332
1886.4316
1279.2291
1704.313
1363.3646
1520.4152
1499.0684
1379.6466
1677.8219
1292.7405
1866.999
1247.9542
1962.0039
1244.3748
1890.756
1282.7509
1713.2109
1365.0266
1526.8961
1499.5673
1384.1029
1683.3418
1292.3374
1872.7047
1248.5128
1967.6915
1244.4802
1899.8707
1282.987
1718.0905
1367.3584
1528.0717
1500.6411
1384.6089
1683.1075
1296.084
1871.5383
1251.125
1960.8933
1247.7954
1888.5146
1285.2314
1714.622
1367.0613
1526.0066
1499.6025
1386.536
1678.4546
1297.8038
1862.1501
1253.4344
1955.2773
1249.303
1890.6738
1287.1334
1717.3239
1372.6011
1535.7084
1507.9757
1394.2792
1689.4001
1302.6782
1875.8323
1257.5347
1962.5314
1252.9423
1896.1821
1290.0624
1716.9977
1372.8582
1533.2046
1507.1146
1391.8955
1684.0608
1299.0066
1859.1578
1251.7305
1948.0753
1249.3966
1883.431
1287.3464
1716.7177
1371.8395
1530.3685
1503.6405
1390.4457
1680.066
1300.55
1862.1548
1255.0533
1948.2057
1249.2671
1883.3152
1285.8817
1710.6246
1365.2856
1526.2073
1496.4565
1384.9469
1669.1329
1294.386
1844.6393
1249.6145
1931.7719
1245.4645
1873.3615
1283.9568
1706.1366
1366.681
1528.7025
1499.1166
1389.5957
1672.9102
1297.8125
1847.6454
1249.7603
1932.1163
1246.3083
1871.5477
1283.0957
1709.6067
1365.9419
1526.0626
1496.4573
1387.1349
1665.6381
1292.65
1833.8756
1242.4199
1913.8677
1234.596
1844.698
1269.0073
1679.2888
1345.0895
1499.3005
1468.8826
1362.987
1631.2626
1273.448
1794.9863
1227.1039
1876.6528
1221.7666
1818.118
1257.7732
1662.6566
1337.8539
1494.0348
1464.1777
1360.8877
1629.5664
1272.3276
1795.7024
1225.2251
1868.971
1216.7783
1804.2074
1243.7717
1631.6118
1316.149
1458.4608
1428.5609
1329.5947
1575.4791
1245.0168
1731.069
1200.3519
1798.0072
1192.7975
1746.9237
1226.9075
1600.4937
1299.2738
1444.209
1416.2506
1323.1022
1567.0908
1239.4437
1717.8251
1194.5278
1785.1693
1184.7786
1722.1353
1211.566
1569.5887
1274.8263
1409.731
1375.2148
1291.3693
1513.9503
1213.4529
1652.1659
1170.6586
1713.1165
1164.0692
1662.1552
1194.031
1536.0496
1260.7213
1392.8892
1364.3849
1282.8108
1496.6641
1203.8495
1632.7831
1162.8855
1703.8737
1157.4425
1647.6573
1181.6644
1514.8162
1240.739
1381.718
1348.458
1265.2032
1479.3586
1193.1661
1611.0132
1152.7603
1662.9279
1142.255
1595.5504
1159.468
1442.8839
1203.9127
1313.6868
1284.2803
1214.2235
1394.2295
1151.5776
1504.7457
1120.1091
1553.2529
1112.6064
1503.8608
1131.7584
1394.0057
1179.4137
1278.7477
1254.0227
1189.8141
1353.1819
1131.7343
1452.7046
1101.04
1492.2604
1095.2028
1451.9935
1112.729
1352.2551
1156.7358
1247.6138
1228.1354
1164.0764
1314.5479
1109.5557
1403.7598
1082.006
1441.8251
1077.1411
1400.6653
1093.4653
1307.9644
1132.2828
1214.5944
1196.7755
1142.5217
1281.6198
1093.1414
1360.2416
1067.4587
1394.8419
1059.252
1350.3057
1073.3577
1268.1339
1111.4661
1182.9689
1166.0422
1114.7344
1237.0946
1070.4993
1304.4657
1047.0945
1332.1702
1042.4825
1302.31
1055.4237
1231.525
1087.7142
1154.8209
1139.9834
1094.721
1205.2225
1052.6296
1263.0057
1030.4309
1288.4692
1042.871
1256.8237
1038.211
1193.301
1068.216
1127.5216
1114.0741
1072.4353
1173.3654
1039.2273
1230.5902
1019.41705
1260.4823
1016.1097
1233.8466
1051.5854
1184.5531
1064.8352
1125.0997
1114.4166
1075.7285
1177.4994
1041.1292
1237.3152
1023.1609
1265.632
1021.57874
1245.5372
1037.5394
1192.2755
1071.2832
1132.0177
1121.3787
1082.3112
1187.7037
1047.9628
1250.1023
1028.4238
1279.4409
1027.487
1259.3533
1044.0735
1204.9016
1080.1803
1144.0287
1133.6809
1093.17
1201.8998
1055.0464
1268.2692
1034.5334
1301.3917
1033.496
1278.7831
1051.1576
1220.6287
1089.3873
1153.9968
1144.7546
1099.316
1215.7804
1060.3762
1281.5455
1038.7201
1314.6545
1037.2664
1292.6023
1054.7863
1229.9518
1092.6721
1162.1025
1150.9182
1103.213
1222.338
1062.9198
1292.2134
1042.2063
1327.1891
1041.0428
1304.6875
1059.5024
1241.6515
1100.0824
1171.3525
1160.681
1111.0077
1234.0739
1067.8253
1304.1868
1044.3708
1338.407
1042.938
1315.7931
1061.1526
1247.8486
1100.3306
1173.3652
1160.4146
1111.2662
1234.9143
1068.263
1307.4243
1044.7546
1340.5405
1041.7878
1312.7582
1059.7943
1244.3318
1097.9775
1170.3525
1157.4053
1108.6876
1230.4618
1065.8666
1301.966
1041.7755
1332.1055
1038.1913
1302.6484
1055.139
1234.5598
1092.0972
1162.8702
1149.1361
1102.2848
1220.631
1061.3127
1289.6464
1037.4879
1320.6262
1034.2401
1293.066
1051.0216
1226.9111
1087.8794
1154.7904
1143.7239
1096.465
1213.0864
1055.8082
1278.9321
1031.7128
1307.124
1028.4999
1280.5847
1046.6067
1218.0941
1083.8895
1149.536
1138.5554
1091.7786
1206.6401
1050.5717
1271.8715
1028.0848
1301.7627
1026.0505
1276.4097
1042.5469
1211.2004
1079.2532
1142.4731
1133.2
1087.6991
1199.8838
1046.2489
1264.0315
1024.5767
1294.5879
1023.3126
1270.3647
1041.3433
1209.0032
1078.4398
1141.8975
1133.7961
1086.3429
1200.4336
1045.769
1266.131
1023.9994
1297.1827
1023.0142
1274.6326
1042.6543
1215.2704
1082.3657
1148.0404
1139.0598
1091.3889
1210.1578
1050.1748
1277.6698
1028.1226
1311.9847
1027.987
1291.1194
1047.0724
1228.9934
1087.5125
1155.8921
1148.5554
1095.0978
1223.5244
1054.3663
1294.0648
1031.4186
1321.7885
1030.8694
1296.4978
1050.1982
1230.6012
1089.5688
1157.5724
1150.7704
1096.3966
1224.4841
1054.9176
1292.6935
1032.5688
1327.6282
1033.0308
1301.4967
1052.7633
1234.5548
1093.6475
1161.4791
1154.2947
1099.0112
1230.0728
1055.3876
1297.8857
1034.8695
1332.4264
1034.4332
1309.1704
1055.0381
1242.7213
1097.7856
1166.9855
1160.9303
1104.7
1240.2272
1061.4498
1313.1914
1040.8317
1350.0161
1041.9335
1327.2697
1064.1256
1259.0282
1108.3613
1181.8137
1176.7941
1117.5442
1258.5513
1073.5942
1339.2759
1051.95
1376.9176
1052.2957
1351.0311
1075.1466
1279.1846
1121.1777
1198.1624
1190.4878
1128.3036
1275.7004
1081.9543
1355.4668
1059.282
1389.6871
1055.7683
1363.4757
1078.4093
1288.805
1125.8225
1204.2634
1193.9729
1133.2723
1281.6921
1086.5741
1365.776
1062.4901
1405.4767
1062.3248
1378.5547
1085.3806
1302.3516
1133.4539
1216.0096
1205.9138
1144.1989
1295.9738
1094.7231
1382.706
1070.8792
1426.8784
1069.5931
1396.4452
1091.3752
1311.5914
1138.0155
1220.3696
1207.2219
1143.9008
1294.6863
1093.3702
1378.4972
1068.6843
1416.3582
1066.3572
1383.3741
1087.8054
1307.4481
1135.3751
1217.9277
1204.1025
1142.0643
1290.2189
1091.2941
1374.0265
1066.3273
1411.598
1063.3597
1380.744
1084.5043
1300.2444
1130.4785
1210.955
1201.1118
1139.8605
1289.159
1091.7645
1375.8589
1068.6707
1417.1425
1066.5614
1387.8923
1089.2418
1309.3578
1136.7113
1219.8279
1209.3136
1148.2783
1301.8042
1099.997
1393.3689
1076.8073
1437.9556
1075.8344
1409.7986
1099.8903
1328.821
1148.4087
1236.6079
1223.8428
1159.7695
1318.2809
1107.7218
1408.1001
1081.466
1449.916
1080.5521
1416.1223
1104.2526
1335.1667
1153.49
1237.3993
1223.5873
1161.9667
1315.7933
1107.2104
1405.5186
1080.1698
1436.8539
1074.7811
1409.0637
1097.4408
1325.846
1137.847
1222.1235
1210.1914
1150.0515
1301.235
1100.2218
1384.5911
1072.8756
1427.7799
1066.2085
1386.5872
1088.5459
1291.7782
1126.2601
1209.8431
1193.2137
1140.266
1279.2136
1090.0057
1362.281
1065.2876
1404.5096
1062.5067
1374.8751
1082.1342
1295.3357
1124.738
1207.7301
1190.3317
1136.0398
1271.9355
1085.9277
1352.4979
1060.8704
1391.7073
1060.0219
1352.3713
1075.1152
1280.838
1118.4495
1198.1017
1185.1493
1130.8485
1267.747
1083.5048
1345.0106
1058.6001
1385.4194
1053.8722
1355.8431
1074.2952
1281.2706
1116.131
1197.9886
1181.4639
1128.0466
1262.9697
1081.4836
1338.1825
1055.5541
1364.2692
1048.4836
1336.3889
1061.3956
1254.5045
1101.4021
1173.7275
1156.4148
1112.1366
1228.6829
1067.2164
1303.4688
1041.7501
1334.1212
1041.4304
1298.57
1054.0704
1235.2782
1090.8788
1162.6486
1148.7158
1103.143
1220.0095
1063.4176
1288.1396
1042.4152
1325.2253
1034.258
1288.1581
1050.3242
1225.2625
1084.9364
1154.4714
1140.2015
1095.3292
1206.6396
1054.69
1270.2406
1034.24
1296.1744
1029.3176
1277.5537
1044.7859
1218.8226
1079.5804
1144.1741
1130.4624
1090.8403
1194.7858
1052.5869
1257.3594
1030.2633
1288.3086
1027.5233
1283.9443
1049.6115
1225.041
1086.635
1158.9636
1144.2513
1101.9625
1216.3522
1062.861
1287.5566
1041.3552
1324.0042
1039.7391
1303.1425
1057.4681
1241.809
1095.5203
1169.8716
1154.7457
1111.8978
1228.3931
1069.626
1301.487
1047.774
1340.7511
1046.3206
1320.1967
1064.6677
1256.9563
1104.014
1182.865
1164.9275
1120.7175
1242.8152
1077.583
1319.3923
1055.5428
1358.1404
1052.0175
1335.1377
1070.1434
1266.314
1110.2458
1190.4233
1171.6366
1126.3065
1249.0411
1081.4135
1326.3994
1058.2339
1366.2355
1055.9918
1345.1533
1074.5525
1276.4012
1115.6129
1198.6093
1179.2219
1132.6399
1260.2058
1086.6255
1336.1499
1060.7202
1375.5615
1056.9575
1350.8354
1075.4976
1280.5846
1116.6345
1201.7937
1181.0283
1134.6897
1261.1163
1086.0039
1339.2207
1060.9321
1378.8077
1057.5024
1352.4529
1075.8208
1282.167
1116.7346
1201.7014
1180.8741
1134.5853
1263.2898
1088.7344
1344.8145
1064.3475
1387.9866
1061.3187
1366.5226
1081.0886
1293.4812
1123.575
1211.7571
1190.5629
1143.0176
1277.5483
1096.231
1363.2124
1071.7726
1408.0913
1069.4989
1386.7162
1090.06
1313.0938
1134.0066
1226.1577
1203.6111
1154.832
1293.6309
1105.0978
1382.806
1078.869
1429.1099
1075.7184
1402.9105
1096.1007
1325.5485
1140.6945
1234.5881
1210.819
1160.6888
1302.5455
1110.8431
1395.4768
1085.3964
1445.496
1083.6398
1421.8215
1104.4131
1339.7363
1150.5994
1246.287
1224.381
1171.272
1319.9415
1120.5714
1416.4559
1094.5916
1466.4343
1091.6644
1440.8226
1113.7477
1358.9849
1162.9279
1263.3141
1239.4076
1185.1234
1336.8163
1130.6742
1436.4552
1101.553
1487.7957
1096.9816
1455.2156
1118.5168
1366.544
1165.2094
1267.0991
1239.1683
1183.66
1334.9318
1126.835
1428.2891
1096.4841
1477.1868
1091.6754
1446.9116
1110.7103
1356.919
1156.4537
1256.0824
1226.8241
1174.699
1318.8402
1118.4253
1412.5198
1087.994
1455.6803
1080.9181
1414.0771
1094.7434
1319.7164
1131.5585
1220.0712
1190.463
1142.0923
1269.3735
1093.4714
1351.5425
1067.7389
1393.567
1062.2942
1368.3048
1080.2163
1292.2434
1120.0295
1207.8467
1182.7374
1137.6816
1263.6586
1089.3931
1343.5927
1062.3646
1383.3132
1057.6847
1355.7704
1073.3738
1278.2058
1111.1584
1193.0007
1168.318
1125.8569
1244.1411
1078.5076
1318.2177
1052.4579
1357.9877
1048.3823
1332.9164
1064.4785
1264.2534
1102.0809
1185.0187
1159.9939
1118.877
1234.2874
1072.1528
1308.1995
1046.9502
1338.7915
1039.5183
1308.45
1053.468
1239.4705
1087.205
1166.756
1141.1799
1104.9033
1211.2133
1062.6873
1282.4996
1040.3365
1320.2938
1036.8298
1302.5822
1052.7078
1240.2821
1088.354
1167.6437
1143.408
1108.3137
1215.4218
1065.3578
1288.109
1042.6123
1327.4629
1038.8741
1306.3273
1052.8964
1246.0741
1089.6993
1172.6443
1147.0312
1111.2758
1220.9109
1070.2671
1298.2944
1047.8881
1342.0575
1045.7954
1326.858
1063.6742
1263.2648
1101.6014
1187.967
1162.2175
1124.364
1241.6356
1081.392
1323.1855
1058.3993
1366.1901
1055.2174
1348.176
1073.6863
1281.5835
1113.6528
1203.4376
1176.9369
1137.7764
1259.4745
1091.3625
1341.7592
1066.5371
1387.7202
1063.7438
1368.9535
1081.7299
1297.7911
1123.073
1216.123
1188.5531
1147.1656
1273.1046
1098.5491
1358.3705
1073.0277
1405.2433
1069.9744
1386.4982
1089.1898
1314.0189
1131.0164
1227.3225
1198.834
1156.1726
1286.8387
1106.9585
1375.5864
1080.6423
1424.6571
1077.8589
1406.2806
1097.9951
1330.3265
1141.4987
1239.6553
1208.9703
1163.7532
1298.1722
1113.9429
1390.2201
1088.4442
1443.5085
1085.9425
1424.2256
1106.7086
1345.7867
1151.9326
1254.2288
1223.408
1175.8215
1314.7064
1124.5858
1412.2625
1098.2722
1465.8221
1095.5696
1443.9983
1116.3053
1363.349
1162.491
1267.4159
1236.3573
1189.5974
1335.0133
1136.3811
1435.661
1109.2219
1492.2659
1105.3999
1467.2336
1126.244
1383.1494
1174.2859
1283.531
1248.9683
1199.6864
1348.342
1142.5122
1448.1763
1112.0214
1501.8975
1106.394
1474.5413
1125.6438
1384.6842
1172.6676
1282.0609
1244.8297
1195.7131
1340.8076
1137.6055
1438.0969
1107.7926
1490.258
1104.102
1466.7003
1123.9792
1379.8456
1169.7483
1277.9365
1242.772
1194.1653
1340.18
1137.3447
1438.1898
1106.6361
1486.8173
1099.6862
1456.4137
1118.58
1368.4076
1159.7928
1264.931
1228.2985
1181.4769
1318.8148
1126.3586
1412.1179
1097.3463
1462.272
1092.1492
1438.6449
1110.4425
1354.8195
1153.3247
1257.4928
1216.3378
1166.3578
1298.0839
1112.4626
1380.39
1083.9225
1418.2522
1076.7042
1385.0245
1089.9055
1298.7275
1121.2142
1202.1008
1172.0756
1128.0817
1239.3928
1079.0768
1306.622
1052.0792
1333.9957
1042.8529
1294.8882
1049.9794
1216.7598
1074.033
1140.5087
1116.096
1080.5637
1170.829
1040.6671
1222.8025
1019.6334
1245.2917
1013.309
1221.1713
1020.6009
1161.7872
1043.8712
1098.1951
1077.1272
1048.9072
1122.9581
1014.53723
1166.9648
1007.88904
1188.0609
1003.6802
1168.2941
1003.56903
1120.3042
1023.598
1071.1204
1055.413
1030.1123
1097.8859
1007.75195
1136.6251
994.62695
1154.5834
990.47437
1140.375
988.5412
1101.885
1008.33563
1053.3197
1039.8536
1014.9255
1079.7357
1002.41486
1115.3418
989.6189
1132.7748
990.3927
1116.8278
989.65
1084.4724
1000.6677
1045.7411
1031.8105
1010.81335
1072.8146
997.0561
1112.4203
993.37006
1133.0878
990.03455
1122.8474
990.70404
1089.2356
1002.251
1048.3202
1034.4346
1029.8766
1073.8494
1023.3237
1112.521
1021.23444
1131.0481
1010.61554
1121.9507
1018.62335
1089.5785
1002.4788
1048.1582
1034.9265
1015.5351
1075.8489
1015.0838
1113.9296
1032.1376
1132.5872
1039.3746
1122.8065
1048.7094
1088.1833
1018.4291
1047.6357
1033.1631
1011.3414
1074.1517
1007.3872
1112.4924
1011.62366
1134.1553
1034.6741
1124.4795
1037.8053
1089.7532
1002.2376
1048.6072
1030.6804
1008.1018
1065.5078
1005.1799
1098.3337
1028.9302
1110.5745
1036.1908
1091.2902
1048.239
1053.3383
1069.3174
1012.6425
1041.388
1013.56165
1028.2504
1011.624
1052.4395
1026.8878
1060.7452
1031.7269
1047.798
1031.6636
1017.4066
1026.037
997.3461
1008.9783
986.9633
1000.67444
996.81445
1020.0019
1020.6442
1027.7659
1046.6768
1015.8935
1066.8619
992.25244
1068.8243
982.9542
1034.806
1014.6704
1010.2847
1043.842
990.5992
1063.8551
998.96375
1072.2632
990.2735
1082.1047
970.7627
1089.0917
1010.87946
1088.7708
1066.7096
1069.9926
1089.8151
1038.5122
1102.4999
1026.5265
1116.0645
970.753
1120.0779
989.17096
1118.3286
1028.8573
1096.7466
1071.9828
1075.207
1105.5397
1041.9868
1106.6232
960.91046
1109.2762
995.49023
1116.0132
979.6087
1103.1793
1049.8196
1093.0419
1088.2118
1069.6954
1098.6274
1032.947
1103.6255
985.0352
1107.5363
939.4168
1109.4668
973.7633
1086.169
1037.3964
1065.3483
1085.9603
1038.6908
1085.6344
1015.02856
1097.2224
947.00073
1108.0325
926.51685
1105.5886
935.2178
1063.4193
987.7552
1051.981
1069.5133
1019.5899
1064.32
917.0883
1078.1466
924.3623
1100.1047
920.7483
1056.5383
925.315
1053.2366
982.898
1041.0286
1038.55
1008.44867
1058.3635
911.2618
1060.7046
917.4196
1066.4752
914.7442
1061.1364
923.23553
1048.1012
990.94794
1024.5502
1039.759
985.52155
1054.6237
954.5496
1053.1448
912.1555
1056.8954
909.8138
1046.4088
921.4065
1031.0005
933.3343
1015.7891
1028.2166
979.65814
1031.5048
957.7739
1018.8769
908.01764
1020.86237
905.66016
1019.4814
915.51044
1010.7727
921.73145
972.6038
981.4317
953.472
997.19965
954.6917
992.1519
951.7567
990.7482
905.2829
1001.2365
915.96564
1002.046
967.73224
997.81836
996.45917
973.74115
1014.46045
941.79877
1012.7412
931.753
1012.95435
906.7453
1006.49146
901.5606
999.6313
949.3473
983.6489
986.8976
961.69965
1025.795
910.6962
1018.9695
912.4734
1015.4059
912.7961
1011.45056
903.55835
999.31604
907.4186
964.7478
955.60803
970.3576
997.68646
912.06647
991.2736
921.7154
991.39
920.8448
999.12695
910.9548
992.5955
902.14685
969.87006
994.8404
980.64594
1007.88116
918.701
1002.11255
926.83563
999.9535
925.83813
1003.6156
934.63855
974.9889
934.08655
962.6174
916.6288
952.77997
994.9927
921.76184
997.3758
931.2616
990.04913
931.12024
986.7748
932.35754
975.91327
910.2368
951.923
962.9783
921.6959
991.14075
928.6996
1001.2835
939.5794
995.8028
939.8047
980.164
928.6738
968.21014
910.96655
963.6052
893.6533
928.5077
948.2705
936.98035
959.79565
948.3333
972.9155
948.4918
945.8651
936.76666
936.57745
941.26917
953.5894
929.36786
938.6432
1003.8612
945.0026
1006.1345
958.1353
969.1466
956.62396
940.5918
943.7806
941.826
948.6805
958.84186
940.95764
942.8817
945.0187
953.8885
984.59045
965.72015
991.3244
964.4667
979.3891
950.23303
966.96484
952.8423
976.93146
952.6999
956.0496
994.25024
960.1219
1028.3741
972.8762
1013.3869
970.5248
1004.9346
955.2257
997.34106
946.84863
976.6733
946.31573
944.162
1000.11865
965.8962
1000.50446
979.8005
985.8367
979.06525
954.48895
963.5395
981.31946
940.8378
971.4641
948.0287
950.83844
945.73694
974.49677
959.8816
988.82
980.1359
987.1995
965.42065
970.4188
972.5987
946.2695
931.48724
936.2371
956.9911
938.9001
982.4408
946.11816
996.85394
960.7716
993.33997
973.2797
975.80066
959.978
950.7778
935.8003
939.03577
962.0963
941.4478
986.7825
945.4992
999.913
957.3844
996.7919
964.79315
978.17456
978.9654
953.17114
951.71594
928.04224
962.713
935.1719
986.94257
950.2693
1000.6124
956.62317
997.4489
985.3386
978.56665
988.8161
952.6284
967.80457
927.8652
964.0154
912.7423
989.7879
919.86127
1004.4575
941.7158
1002.5631
946.1897
983.96204
918.213
957.62537
992.2047
932.88684
969.8098
930.0381
997.219
939.3846
1012.93384
946.68713
1010.5575
974.70953
990.6709
998.03973
963.6135
999.09174
936.76917
973.8477
920.16364
999.88464
934.1221
1013.83093
964.7622
1008.87787
975.8743
976.8421
993.15936
944.6028
992.5076
937.7811
979.303
950.7977
968.5934
957.9115
982.0289
964.0894
981.12195
980.26196
960.3377
989.1873
930.6244
979.2465
940.60706
960.42926
946.5813
946.51544
968.7366
950.6085
985.8307
941.7625
992.2238
924.4505
973.64874
929.4492
945.24524
957.94116
930.48224
983.12726
922.63873
994.223
932.10455
1019.25745
926.61554
1010.363
909.15125
1004.367
939.0258
959.1949
968.71735
913.33075
983.56445
898.8425
985.10913
902.7401
991.5272
899.029
989.0584
892.17114
966.239
895.27264
916.89386
976.3839
900.26764
975.0782
886.26074
977.85297
891.58936
975.5243
886.0977
970.7604
887.12067
970.5001
923.5445
942.62396
948.1711
885.0044
966.6863
865.7183
975.8779
872.08875
992.4599
871.35077
